0	278 
20	590 
40	588 
60	675 
80	335 
100	495 
120	107 
140	297 
160	73 
180	307 
200	618 
220	268 
240	571 
260	666 
280	613 
300	625 
320	534 
340	573 
360	577 
380	491 
400	697 
420	649 
440	546 
460	119 
480	654 
500	578 
520	476 
540	577 
560	118 
580	584 
600	694 
620	669 
640	602 
660	343 
680	658 
700	447 
720	723 
740	663 
760	76 
780	494 
800	713 
820	467 
840	689 
860	449 
880	462 
900	471 
920	643 
940	535 
960	305 
980	618 
1000	745 
1020	264 
1040	192 
1060	749 
1080	502 
1100	699 
1120	435 
1140	609 
1160	344 
1180	234 
1200	312 
1220	592 
1240	367 
1260	716 
1280	584 
1300	566 
1320	654 
1340	418 
1360	227 
1380	757 
1400	226 
1420	571 
1440	333 
1460	658 
1480	714 
1500	735 
1520	495 
1540	344 
1560	661 
1580	76 
1600	687 
1620	428 
1640	559 
1660	617 
1680	728 
1700	689 
1720	572 
1740	584 
1760	716 
1780	648 
1800	306 
1820	413 
1840	617 
1860	575 
1880	706 
1900	413 
1920	229 
1940	191 
1960	336 
1980	755 
2000	333 
2020	608 
2040	346 
2060	721 
2080	498 
2100	588 
2120	733 
2140	495 
2160	213 
2180	149 
2200	462 
2220	728 
2240	736 
2260	462 
2280	416 
2300	704 
2320	540 
2340	513 
2360	563 
2380	305 
2400	470 
2420	351 
2440	412 
2460	463 
2480	257 
2500	679 
2520	593 
2540	649 
2560	193 
2580	369 
2600	704 
2620	792 
2640	185 
2660	575 
2680	542 
2700	611 
2720	272 
2740	230 
2760	732 
2780	536 
2800	274 
2820	254 
2840	356 
2860	381 
2880	575 
2900	412 
2920	574 
2940	412 
2960	765 
2980	226 
3000	303 
3020	431 
3040	571 
3060	80 
3080	522 
3100	613 
3120	457 
3140	575 
3160	226 
3180	487 
3200	469 
3220	635 
3240	599 
3260	489 
3280	82 
3300	347 
3320	610 
3340	712 
3360	727 
3380	490 
3400	575 
3420	653 
3440	530 
3460	431 
3480	607 
3500	761 
3520	605 
3540	770 
3560	343 
3580	546 
3600	726 
3620	529 
3640	420 
3660	771 
3680	396 
3700	293 
3720	557 
3740	228 
3760	677 
3780	456 
3800	263 
3820	733 
3840	113 
3860	227 
3880	617 
3900	113 
3920	750 
3940	368 
3960	492 
3980	74 
4000	619 
4020	463 
4040	744 
4060	464 
4080	587 
4100	357 
4120	743 
4140	73 
4160	216 
4180	306 
4200	382 
4220	659 
4240	424 
4260	449 
4280	446 
4300	510 
4320	608 
4340	379 
4360	352 
4380	748 
4400	416 
4420	758 
4440	239 
4460	191 
4480	191 
4500	484 
4520	455 
4540	717 
4560	426 
4580	530 
4600	573 
4620	631 
4640	369 
4660	665 
4680	587 
4700	458 
4720	733 
4740	652 
4760	486 
4780	269 
4800	462 
4820	405 
4840	652 
4860	449 
4880	526 
4900	782 
4920	379 
4940	738 
4960	766 
4980	189 
5000	629 
5020	435 
5040	589 
5060	344 
5080	621 
5100	722 
5120	587 
5140	617 
5160	676 
5180	681 
5200	718 
5220	145 
5240	644 
5260	720 
5280	352 
5300	524 
5320	546 
5340	377 
5360	499 
5380	502 
5400	529 
5420	711 
5440	145 
5460	730 
5480	373 
5500	367 
5520	36 
5540	394 
5560	549 
5580	754 
5600	663 
5620	255 
5640	778 
5660	590 
5680	571 
5700	188 
5720	736 
5740	334 
5760	220 
5780	383 
5800	607 
5820	228 
5840	647 
5860	682 
5880	542 
5900	762 
5920	389 
5940	39 
5960	623 
5980	600 
6000	668 
6020	408 
6040	623 
6060	411 
6080	309 
6100	721 
6120	382 
6140	465 
6160	599 
6180	645 
6200	118 
6220	615 
6240	265 
6260	259 
6280	633 
6300	147 
6320	549 
6340	459 
6360	429 
6380	759 
6400	619 
6420	740 
6440	654 
6460	599 
6480	79 
6500	711 
6520	757 
6540	416 
6560	769 
6580	219 
6600	754 
6620	107 
6640	748 
6660	506 
6680	122 
6700	351 
6720	615 
6740	219 
6760	721 
6780	487 
6800	726 
6820	685 
6840	731 
6860	115 
6880	529 
6900	273 
6920	115 
6940	692 
6960	650 
6980	735 
7000	378 
7020	711 
7040	383 
7060	449 
7080	190 
7100	603 
7120	765 
7140	586 
7160	205 
7180	730 
7200	428 
7220	412 
7240	700 
7260	182 
7280	745 
7300	344 
7320	555 
7340	113 
7360	142 
7380	346 
7400	405 
7420	567 
7440	667 
7460	499 
7480	734 
7500	657 
7520	189 
7540	348 
7560	374 
7580	427 
7600	667 
7620	727 
7640	434 
7660	455 
7680	703 
7700	637 
7720	102 
7740	384 
7760	646 
7780	226 
7800	749 
7820	440 
7840	586 
7860	689 
7880	702 
7900	758 
7920	567 
7940	417 
7960	543 
7980	458 
8000	611 
8020	721 
8040	573 
8060	459 
8080	431 
8100	524 
8120	371 
8140	641 
8160	455 
8180	308 
8200	147 
8220	724 
8240	185 
8260	648 
8280	111 
8300	732 
8320	710 
8340	632 
8360	541 
8380	377 
8400	573 
8420	768 
8440	656 
8460	230 
8480	659 
8500	723 
8520	235 
8540	543 
8560	368 
8580	415 
8600	497 
8620	534 
8640	366 
8660	718 
8680	525 
8700	473 
8720	118 
8740	755 
8760	648 
8780	375 
8800	775 
8820	724 
8840	391 
8860	462 
8880	641 
8900	531 
8920	507 
8940	752 
8960	600 
8980	557 
9000	456 
9020	345 
9040	703 
9060	749 
9080	762 
9100	652 
9120	290 
9140	642 
9160	302 
9180	684 
9200	591 
9220	530 
9240	778 
9260	193 
9280	713 
9300	473 
9320	658 
9340	338 
9360	677 
9380	406 
9400	638 
9420	751 
9440	641 
9460	430 
9480	647 
9500	591 
9520	602 
9540	226 
9560	695 
9580	572 
9600	479 
9620	237 
9640	483 
9660	756 
9680	238 
9700	467 
9720	754 
9740	456 
9760	416 
9780	190 
9800	660 
9820	348 
9840	529 
9860	497 
9880	429 
9900	417 
9920	524 
9940	622 
9960	516 
9980	650 
