File name:/user/myhome9830/input-10000-20
File size : 50,811,467 bytes

/user/myhome9830/input-10000-20 /user/myhome9830/o-10k 10000 10000 -machine 20 -size 0.05 0.05 
Initial Size : 10,000 * 10,000
Initial NonZeros: 5,197,696
Initial Density: 0.051977

Regroup r takes 23 seconds.
Recalculate takes 0 seconds.
Regroup c takes 22 seconds.
End Regroup

Regroup c takes 22 seconds.
Recalculate takes 0 seconds.
Regroup r takes 23 seconds.
End Regroup

Regroup r takes 23 seconds.
Recalculate takes 0 seconds.
Regroup c takes 24 seconds.
End Regroup

Regroup c takes 22 seconds.
Recalculate takes 0 seconds.
Regroup r takes 24 seconds.
End Regroup

Regroup r takes 25 seconds.
Recalculate takes 0 seconds.
Regroup c takes 24 seconds.
End Regroup

Regroup c takes 23 seconds.
Recalculate takes 0 seconds.
Regroup r takes 25 seconds.
End Regroup

Regroup c takes 25 seconds.
End Regroup

time elpased: 473,437 msecs
Make Adjacency Lists: 45,883 msecs
Build Clusters: 427,554 msecs.

rowSet:
Size:   4
[3708, 2760, 2104, 1418]

colSet:
Size:   5
[3708, 2760, 1666, 952, 904]


Size of Cluster
[13,749,264][10,234,080][6,177,528][3,530,016][3,352,032]
[10,234,080][7,617,600][4,598,160][2,627,520][2,495,040]
[7,801,632][5,807,040][3,505,264][2,003,008][1,902,016]
[5,257,944][3,913,680][2,362,388][1,349,936][1,281,872]

NonZeros of each Cluster
[1,175,917][     0][     0][     0][     0]
[     0][1,533,090][     0][     0][     0]
[     0][     0][1,110,611][     0][312,166]
[     0][     0][     0][724,735][341,177]

NonZeros/Size
[0.086][0.000][0.000][0.000][0.000]
[0.000][0.201][0.000][0.000][0.000]
[0.000][0.000][0.317][0.000][0.164]
[0.000][0.000][0.000][0.537][0.266]

Row Permutation Assignmnet
0 1 1 2 0 0 2 1 3 0 2 2 1 0 1 2 2 0 1 2 1 1 2 0 1 0 0 1 0 2 2 0 0 0 0 0 1 3 0 1 1 0 1 2 2 3 0 1 2 2 2 1 1 2 0 3 2 2 2 1 2 2 2 2 1 0 0 1 1 2 0 1 1 3 0 1 2 1 3 3 0 2 0 3 1 3 1 1 1 1 1 3 3 1 0 1 2 1 3 0 1 3 0 2 0 0 2 1 2 2 2 0 3 0 0 1 0 1 1 3 0 0 0 3 1 2 1 3 3 2 1 3 2 0 1 2 2 3 2 0 0 0 1 2 0 0 0 1 1 2 0 3 0 3 2 2 3 0 0 0 0 3 0 1 1 1 2 0 1 0 3 0 3 0 2 0 2 1 2 0 0 0 3 0 1 0 0 2 1 0 1 0 1 0 2 2 0 2 3 0 1 2 0 0 2 0 1 0 2 2 3 3 2 0 1 2 2 2 1 0 0 1 3 2 0 0 0 1 2 0 0 2 0 3 2 0 2 1 2 0 1 0 3 1 0 1 2 1 2 1 1 1 0 2 1 1 2 0 1 0 2 0 2 1 3 0 3 0 2 0 0 2 0 3 0 3 1 1 1 0 1 0 1 2 1 2 0 3 2 0 1 1 1 0 2 1 1 1 0 2 1 2 0 3 2 0 2 3 3 1 0 0 2 0 1 1 1 1 0 0 1 1 0 0 1 3 3 1 1 0 1 0 0 3 0 3 3 0 2 0 1 3 1 1 0 3 3 1 2 1 1 0 1 0 1 2 3 1 3 2 1 3 0 1 1 1 3 3 2 0 1 3 0 0 2 0 0 1 0 1 1 0 1 0 0 1 1 0 2 0 1 0 3 3 1 3 0 2 0 1 2 0 0 3 0 0 0 1 0 2 1 1 0 3 3 2 2 2 0 2 2 3 1 0 3 0 0 1 2 3 2 3 0 0 2 0 0 0 3 2 1 1 0 3 0 0 2 1 1 2 3 0 2 0 2 1 0 1 0 1 0 1 3 3 0 0 1 3 1 3 1 0 0 0 0 1 0 0 1 0 2 3 0 2 1 1 1 1 0 2 1 1 0 1 2 2 1 3 1 0 1 1 1 0 0 0 1 1 0 2 0 0 0 3 0 1 0 3 1 0 0 2 0 2 2 0 0 2 0 1 2 0 0 0 3 1 2 2 0 0 1 3 3 0 1 2 1 1 2 0 1 0 2 0 3 0 0 3 0 1 0 0 2 0 0 1 3 0 0 2 0 1 3 2 0 1 2 0 0 1 1 1 1 0 2 0 2 0 0 1 1 0 2 0 1 0 1 3 1 0 2 1 3 0 1 3 2 0 0 0 1 2 0 1 1 0 0 0 0 2 2 2 1 3 0 0 0 1 0 2 1 1 0 2 1 3 2 2 3 0 1 0 1 3 1 1 0 3 3 1 1 1 0 0 2 0 2 0 1 0 0 1 1 0 3 3 1 0 3 2 0 2 3 1 0 1 0 0 2 2 2 0 2 1 2 2 1 3 1 0 1 3 3 0 1 1 0 0 1 2 0 1 0 1 3 2 0 3 3 0 2 2 1 0 1 2 1 0 1 0 3 3 2 0 0 1 0 0 3 3 1 1 2 3 2 3 1 1 3 1 2 0 3 3 1 3 3 1 1 0 2 0 3 0 3 0 2 2 1 2 0 0 1 0 0 0 1 0 0 0 2 0 0 3 1 0 0 3 3 0 1 3 1 1 1 0 0 2 2 0 2 3 1 2 0 0 1 3 2 0 2 0 1 2 0 1 0 2 2 0 1 0 2 0 0 0 1 2 1 1 0 0 3 3 0 0 0 1 0 1 0 0 0 1 0 3 2 1 0 0 2 3 0 3 3 0 3 0 2 0 0 2 0 0 3 0 3 3 0 1 0 2 3 2 2 0 1 1 2 3 3 0 1 2 1 1 2 1 1 0 0 0 2 2 0 0 0 1 1 0 0 0 0 0 2 0 2 2 0 0 0 0 0 2 1 1 2 1 2 3 1 3 0 1 0 1 0 0 2 2 2 3 1 0 1 3 2 2 1 0 3 0 0 3 0 2 0 1 0 2 1 3 0 0 3 1 0 1 0 0 0 2 0 2 2 0 0 1 0 2 0 2 2 2 0 0 2 2 1 3 0 2 1 0 3 2 2 2 0 2 1 1 2 2 0 1 1 0 2 0 0 0 3 1 0 3 3 3 2 0 3 0 0 0 0 1 1 1 0 1 3 1 3 0 0 0 3 1 0 2 0 1 0 0 2 0 2 3 0 3 1 1 2 2 2 2 0 0 2 2 0 0 1 0 2 1 3 0 3 1 1 2 0 0 3 3 1 1 0 0 3 2 0 0 0 1 0 3 2 1 3 3 3 1 2 1 1 0 0 0 1 0 2 0 2 2 1 1 1 1 3 0 0 0 1 2 2 0 2 1 2 1 0 3 1 0 1 1 1 1 1 3 2 1 1 0 1 3 3 0 0 1 1 0 0 0 1 2 2 1 2 2 0 1 0 1 2 1 2 0 1 2 1 0 1 2 3 0 0 0 0 1 1 0 3 3 0 1 0 2 0 1 0 0 1 2 1 1 0 0 0 0 0 0 0 1 0 0 0 0 0 0 0 2 0 0 3 1 1 1 1 3 1 0 1 3 2 0 0 1 0 0 3 0 1 3 1 0 1 3 0 0 2 3 0 1 0 0 3 0 1 0 2 0 1 1 1 1 2 1 2 1 0 0 1 0 1 0 0 0 0 3 1 0 2 0 0 1 0 1 0 1 2 3 1 1 3 0 1 0 2 1 0 3 3 0 1 2 0 1 0 0 3 3 0 3 2 2 2 3 1 3 0 0 0 1 1 0 2 3 3 0 0 0 1 0 2 3 2 0 1 3 1 3 2 0 0 2 0 0 0 0 0 0 0 1 1 1 1 0 2 0 0 0 1 0 1 1 0 2 1 0 0 2 1 1 0 0 1 0 0 2 1 0 1 2 2 1 0 1 0 2 1 2 2 1 1 1 0 1 0 2 0 1 2 2 0 0 0 1 1 1 1 0 0 0 0 3 1 1 3 1 1 0 1 1 1 2 2 2 0 0 3 1 0 0 0 3 1 1 0 1 2 2 0 0 0 0 1 0 0 1 0 0 3 0 0 2 3 1 1 1 2 2 0 0 1 2 2 2 1 0 0 1 3 1 2 1 1 1 0 2 2 1 1 1 0 2 0 1 1 0 0 0 1 0 0 0 0 1 2 1 1 3 2 3 2 1 0 3 1 0 1 3 1 2 0 0 0 1 2 1 0 2 2 1 0 0 2 1 1 0 1 0 2 0 1 1 1 2 3 1 1 1 2 3 1 2 1 0 3 2 1 2 1 0 2 0 2 1 1 1 2 0 1 3 2 0 3 3 0 0 0 1 0 1 3 2 2 1 0 0 1 1 0 2 1 1 0 0 1 0 3 3 0 2 0 3 1 0 2 0 0 3 3 1 0 0 0 1 0 2 0 2 3 0 1 1 3 2 0 0 0 3 3 3 0 0 0 0 3 1 1 0 2 2 0 0 1 1 2 3 0 2 2 0 0 0 0 2 2 1 1 3 0 1 3 2 1 2 0 2 0 0 0 2 0 0 2 1 0 3 1 1 2 1 1 1 1 0 1 3 1 2 1 3 0 1 1 3 0 0 3 0 0 3 0 2 0 2 1 3 3 3 1 0 0 2 0 1 0 0 3 0 3 0 3 2 1 0 3 2 0 0 1 0 1 2 1 0 2 0 3 2 2 0 1 0 0 0 2 2 1 2 3 1 3 0 2 3 1 2 2 0 1 2 2 2 0 0 1 0 0 1 2 3 2 0 1 0 0 3 3 2 2 0 0 2 1 0 1 2 0 0 0 0 0 0 0 3 0 2 1 0 0 0 0 3 1 1 2 0 1 1 0 0 2 2 0 2 1 0 1 0 0 2 1 3 0 1 2 0 3 0 0 0 0 1 0 0 2 2 0 2 0 0 1 1 0 0 0 3 1 0 3 1 3 2 3 0 2 0 0 3 1 0 2 0 0 0 0 1 1 0 0 0 3 1 0 1 1 3 2 0 3 3 0 1 1 0 1 0 0 1 2 0 0 0 0 1 2 0 1 0 1 1 2 1 1 2 1 2 2 0 2 1 0 0 0 3 3 3 1 0 2 0 2 0 1 0 2 2 2 3 0 3 1 2 0 0 0 3 0 0 0 0 1 1 1 0 0 1 3 0 0 1 0 0 0 3 3 0 1 1 1 1 1 1 0 1 0 0 0 2 2 0 0 0 1 2 3 2 1 1 1 0 0 1 0 0 0 0 0 2 0 1 0 1 2 3 1 2 0 1 2 1 0 2 1 3 0 2 2 0 2 0 2 1 0 2 2 1 1 1 2 3 3 0 2 3 3 0 0 1 0 1 1 1 1 1 3 3 0 3 1 2 0 3 0 2 0 1 0 3 0 0 0 3 3 1 0 2 2 0 0 3 2 2 1 1 1 1 2 2 0 2 0 0 0 3 0 0 2 0 0 0 3 2 0 1 0 0 3 2 2 1 0 2 0 1 1 0 0 1 0 3 0 1 0 0 2 1 1 2 0 1 1 1 3 2 2 0 1 0 0 0 1 0 1 0 1 2 0 1 2 3 3 1 3 3 1 3 0 0 3 0 2 1 3 3 1 0 0 3 2 3 0 0 1 0 0 1 0 1 1 1 1 2 0 0 3 1 3 0 1 0 0 2 2 0 2 1 0 1 1 1 1 3 1 3 1 1 0 3 2 1 3 2 1 0 3 0 3 1 2 3 1 2 3 0 0 0 1 2 3 0 0 1 0 0 0 0 2 2 3 1 2 0 0 0 0 0 3 2 2 1 0 0 0 1 0 0 1 0 1 3 0 2 1 2 0 1 2 1 1 2 0 1 2 3 0 2 2 1 2 0 0 1 0 2 3 3 0 0 3 1 0 1 2 2 2 0 2 0 1 0 1 3 0 2 3 3 3 1 2 2 0 0 2 0 3 2 0 0 2 2 2 0 1 0 0 1 2 0 0 3 0 1 0 3 0 0 0 0 1 0 0 0 1 0 0 2 3 0 2 2 0 2 3 3 2 1 0 2 1 3 0 0 2 0 2 2 0 0 1 2 0 1 0 0 1 0 1 2 3 1 0 1 1 1 1 1 0 0 3 1 1 1 0 1 0 1 1 1 1 0 0 1 1 3 1 0 2 1 0 1 2 1 1 0 2 0 1 3 3 0 2 1 3 0 1 0 2 1 1 1 1 2 1 2 2 1 2 0 0 1 1 3 1 3 0 0 2 3 0 0 2 2 2 2 3 2 0 0 0 1 2 1 2 2 0 1 1 1 2 1 0 2 0 1 1 0 0 0 0 0 2 3 2 0 0 1 0 1 0 0 0 1 1 3 2 1 1 3 2 0 1 1 0 1 0 2 0 3 0 0 3 3 1 2 0 3 2 3 2 0 0 0 0 1 0 2 1 2 0 2 1 1 0 1 0 1 0 0 2 0 2 2 3 1 0 1 0 2 3 0 0 1 1 1 2 0 0 1 0 2 2 3 2 0 2 0 1 3 2 1 0 2 1 0 2 1 2 1 1 0 3 0 0 2 1 0 0 2 0 1 3 0 2 1 1 0 0 0 1 0 1 0 2 2 2 2 3 1 0 1 1 1 1 0 3 1 0 2 3 2 2 2 3 0 0 2 0 0 1 3 0 3 2 3 0 0 1 1 1 0 1 1 2 1 0 0 1 1 1 2 0 2 0 1 2 0 1 0 0 1 0 1 0 1 2 1 1 0 2 0 0 0 1 1 1 0 0 0 3 2 0 1 3 2 3 1 3 0 1 3 2 0 0 0 0 0 2 2 2 0 1 2 0 0 0 3 2 1 1 1 0 0 2 0 0 0 2 0 1 0 0 2 0 1 1 1 0 1 1 0 2 3 3 0 1 1 0 1 2 3 0 0 0 3 1 0 3 1 0 3 1 2 1 0 1 3 3 0 1 2 2 0 0 1 1 2 1 2 3 1 2 2 2 0 1 1 3 0 0 2 0 2 2 3 0 1 2 2 2 1 0 0 1 0 3 2 1 0 1 0 0 1 0 0 0 3 3 2 0 3 0 1 0 0 1 3 0 2 1 1 0 1 1 2 3 2 1 3 0 0 2 0 3 1 1 2 0 0 3 2 1 0 1 2 1 0 1 1 1 1 1 1 1 2 0 2 3 0 0 0 1 0 2 0 0 0 2 2 0 0 0 0 3 0 2 0 1 1 3 0 0 2 0 0 0 2 2 3 0 0 1 2 2 3 1 1 3 0 0 3 0 1 0 2 0 0 1 1 0 3 0 0 0 3 1 2 1 3 3 1 1 3 0 2 0 0 1 1 0 3 3 0 0 1 1 2 3 0 0 2 0 1 3 1 1 1 0 0 2 1 2 3 1 0 0 3 2 2 0 1 0 3 0 0 0 1 0 0 0 0 3 1 2 1 1 1 0 2 0 2 1 2 1 1 1 0 2 3 1 0 1 2 1 2 1 0 1 0 0 0 0 0 2 0 0 2 0 1 1 0 1 3 3 0 0 1 0 1 0 1 2 2 2 3 3 2 2 0 2 2 0 1 1 0 0 3 0 3 3 2 0 0 0 3 0 0 0 1 2 3 0 1 3 1 0 1 0 2 0 3 1 0 2 0 0 0 2 0 0 3 0 1 0 1 3 1 1 0 1 0 0 1 0 0 0 3 0 0 1 3 1 0 1 0 1 2 2 2 3 1 2 0 0 0 1 1 2 0 1 0 1 0 1 0 0 1 0 2 0 1 2 0 1 0 0 2 1 2 0 1 3 0 3 0 1 0 3 3 3 0 0 1 0 1 1 1 2 0 1 0 0 2 0 1 0 0 2 2 2 1 0 3 1 2 1 0 0 2 0 1 0 1 0 3 2 2 2 0 0 2 1 0 1 3 0 2 2 1 0 3 3 2 2 1 3 2 0 2 2 1 1 1 1 3 1 1 0 1 1 0 0 2 3 2 1 1 0 2 0 2 2 0 0 1 0 3 0 0 0 0 0 3 1 0 0 1 3 3 0 0 2 0 0 3 1 1 2 1 3 0 2 3 3 1 1 1 0 2 3 0 2 1 2 3 0 3 0 1 1 0 1 1 0 1 0 3 0 0 2 2 3 1 0 0 2 1 0 0 2 1 3 3 0 3 0 2 0 1 2 1 2 2 2 2 1 0 1 2 3 0 3 1 2 2 0 3 3 1 0 0 3 2 0 0 1 0 1 0 1 2 0 1 0 0 0 2 0 3 1 1 1 0 0 0 0 3 1 3 0 0 0 1 0 1 1 1 2 2 2 0 2 1 0 2 0 3 3 1 3 2 2 3 0 1 1 3 0 0 1 0 1 1 2 3 1 0 1 1 1 1 3 2 1 2 0 0 0 0 0 3 0 0 0 2 2 3 0 0 0 2 0 0 1 2 0 1 3 3 1 2 1 0 1 1 3 1 3 2 1 0 0 0 1 3 2 0 3 1 0 1 1 0 0 0 1 1 0 2 1 3 2 1 0 3 3 1 0 3 1 0 1 3 0 0 1 3 1 3 1 2 3 2 0 1 0 2 2 2 0 3 0 2 3 0 2 1 2 1 3 0 0 1 0 0 0 2 0 1 0 0 2 1 1 2 1 1 0 1 0 1 3 1 3 0 0 2 3 3 1 0 2 0 2 3 0 3 1 3 0 2 2 2 2 2 0 1 0 0 2 1 1 2 0 1 1 0 2 3 0 2 0 2 0 0 0 1 0 0 3 1 1 3 2 0 3 2 2 2 0 3 0 2 1 0 1 2 3 2 0 1 1 2 0 3 1 2 1 2 2 1 2 0 0 1 1 2 0 2 1 0 2 3 1 1 3 0 0 2 0 0 0 0 0 2 0 3 2 3 1 0 0 0 2 0 0 1 0 2 2 1 2 1 2 1 1 0 1 1 3 2 2 2 0 2 1 0 0 2 1 0 0 0 1 1 1 1 0 2 0 1 0 0 2 0 3 1 0 1 0 0 1 0 3 1 0 2 3 1 1 1 3 1 3 0 1 3 2 1 0 2 1 3 2 2 0 1 0 2 3 1 1 0 3 0 0 0 1 3 3 1 0 0 1 1 0 0 0 0 0 0 2 1 0 3 3 3 0 0 3 3 0 0 0 3 2 2 3 3 0 3 2 2 0 2 0 0 0 2 3 2 0 2 1 0 3 2 1 0 3 0 2 0 3 3 0 1 0 1 0 2 1 1 1 0 1 1 1 0 2 2 3 3 1 1 1 1 3 0 3 2 3 1 1 2 1 2 0 2 1 1 1 0 0 1 0 2 2 0 1 2 0 1 0 2 0 0 0 2 0 0 1 1 2 3 2 2 1 1 0 1 3 1 1 3 3 1 2 3 1 0 1 0 0 3 0 1 1 0 0 3 2 0 1 0 3 2 0 3 1 1 1 2 0 2 0 3 2 3 1 2 1 1 0 1 0 0 0 0 0 1 0 0 2 3 3 0 2 0 0 3 0 1 1 1 2 2 1 0 0 1 2 3 0 1 0 0 0 1 1 2 3 2 2 0 1 3 1 2 3 0 1 0 0 1 0 1 2 3 0 0 0 0 1 0 3 2 2 3 0 1 0 2 0 0 1 3 0 1 1 1 0 2 1 0 1 1 1 0 0 0 2 1 1 0 0 1 2 1 3 3 0 0 3 2 0 2 0 2 3 3 1 1 1 0 3 2 1 1 1 1 0 0 1 2 0 1 0 3 2 0 0 2 3 0 0 1 3 0 3 2 1 3 0 2 1 0 2 1 0 1 3 0 0 3 1 0 0 1 0 3 2 0 1 0 1 3 1 1 0 0 0 3 2 0 0 2 0 0 1 1 3 0 0 3 0 0 2 0 3 2 0 1 3 2 1 1 2 2 0 0 1 2 2 3 3 0 1 3 0 0 3 0 2 2 0 1 1 0 0 1 3 0 0 2 1 0 2 2 0 2 1 1 1 3 3 0 1 1 1 0 3 1 1 3 0 1 0 3 2 0 1 2 2 3 0 0 1 1 3 2 3 2 3 0 0 1 2 0 0 2 3 1 0 3 1 1 1 0 2 2 1 3 1 0 0 0 1 1 1 1 3 1 0 0 0 3 1 0 2 0 3 0 2 2 3 1 1 3 1 2 2 1 2 2 3 2 3 1 0 1 0 1 2 3 1 0 1 0 0 0 2 0 0 3 0 3 3 0 0 2 1 3 0 1 2 1 3 1 1 0 3 2 2 3 0 0 3 2 2 2 1 0 0 2 3 1 1 3 1 0 2 1 1 1 0 3 1 0 0 1 2 0 3 1 0 1 3 3 3 3 0 2 0 0 0 0 3 2 0 0 3 1 2 3 2 3 1 2 2 0 3 2 0 2 2 3 1 2 3 0 2 3 3 1 0 3 1 0 2 3 0 1 0 0 0 0 2 2 1 0 3 0 0 0 1 0 2 0 0 0 1 3 2 0 0 0 0 2 1 0 3 2 2 3 0 2 1 0 0 0 1 3 1 2 0 3 2 0 0 3 0 0 0 3 2 2 1 3 0 0 0 2 0 0 1 1 0 1 3 2 1 2 0 1 2 0 0 1 0 2 2 2 1 0 1 0 1 2 0 1 0 1 2 1 2 1 0 3 2 2 0 3 0 0 0 0 0 3 2 2 0 0 0 1 0 2 0 0 0 2 0 1 0 1 0 3 1 0 1 1 3 3 2 0 2 0 0 2 0 1 2 0 1 2 3 0 0 1 3 2 1 2 1 1 2 2 0 1 2 2 1 2 0 1 0 0 0 1 3 0 3 2 0 1 1 0 0 0 1 0 3 1 3 1 3 1 2 2 3 2 2 1 2 0 0 1 2 1 0 0 3 1 2 0 0 2 0 2 2 0 1 2 0 2 0 1 3 0 1 2 1 0 1 2 0 3 2 0 3 1 0 2 1 1 1 1 0 3 2 2 0 2 0 1 0 1 1 0 0 1 0 0 1 0 1 0 0 2 0 0 0 1 0 3 1 1 0 3 2 3 2 1 0 0 1 1 3 0 3 0 1 1 0 0 0 1 1 2 3 3 1 1 1 1 0 0 2 0 0 1 1 2 1 1 2 3 1 0 0 2 1 2 3 0 1 1 0 2 2 1 1 2 0 3 0 2 2 2 2 3 2 2 2 1 2 0 0 1 2 2 2 2 1 2 1 1 0 0 1 0 0 1 2 2 1 2 2 2 0 0 2 2 3 0 1 0 2 1 1 0 0 2 3 1 2 1 1 1 0 1 1 0 0 2 2 0 2 3 0 0 3 3 1 0 1 2 0 2 0 0 1 0 0 1 0 0 1 2 1 2 0 2 0 3 3 2 1 3 0 2 2 0 0 2 2 1 1 0 2 0 0 0 2 1 2 2 1 2 2 0 2 0 1 0 1 1 2 2 0 2 1 3 2 2 1 0 0 2 0 2 1 2 1 1 0 0 0 3 1 1 0 0 0 3 0 3 1 0 0 0 3 0 0 3 3 0 2 2 3 2 3 3 3 0 0 1 0 1 1 2 1 3 1 1 2 2 0 0 0 2 1 2 1 2 3 1 0 2 2 2 1 3 2 1 1 2 3 1 0 2 1 1 3 1 1 3 0 1 2 2 0 0 0 0 0 0 1 0 0 1 2 2 0 0 2 1 0 0 2 3 0 1 1 2 0 0 1 0 0 0 0 0 1 3 0 2 1 1 3 0 1 1 2 0 0 0 0 2 0 0 3 1 3 0 2 0 0 0 1 2 2 1 2 0 2 3 2 0 1 2 1 3 2 0 2 0 0 3 1 0 2 1 1 0 0 2 2 0 1 1 0 0 0 1 0 2 0 1 3 1 0 2 0 0 1 2 0 0 2 1 0 3 0 1 2 0 2 1 3 2 3 1 2 1 3 0 2 3 1 1 0 2 1 1 3 0 0 0 1 1 0 1 1 1 0 2 0 1 0 0 1 2 0 1 1 0 1 2 0 0 1 0 1 2 3 0 0 0 2 3 0 3 0 3 2 0 1 3 3 1 0 0 0 1 3 3 0 1 1 1 1 0 1 1 0 1 3 0 0 3 3 3 2 0 0 1 0 1 1 3 0 0 1 2 1 1 1 1 1 1 0 0 2 3 2 2 1 1 1 3 1 1 2 0 2 2 0 1 0 1 0 3 3 0 0 0 0 2 2 0 1 0 0 1 0 0 3 0 0 1 0 2 1 1 1 2 0 0 2 1 2 3 2 0 2 2 1 2 1 1 0 3 2 1 0 1 2 0 0 0 1 0 1 1 0 2 1 0 2 0 3 0 2 1 1 1 0 0 1 1 0 0 0 2 3 2 3 1 0 2 2 2 0 1 2 3 1 0 3 1 0 2 2 2 3 1 2 0 3 0 1 2 3 1 1 1 2 0 0 0 3 1 0 3 3 0 2 3 0 1 2 0 3 1 1 0 2 0 1 1 1 0 0 0 0 2 1 3 2 2 0 1 0 0 2 2 3 0 1 1 0 1 0 0 0 1 0 3 0 1 3 0 1 1 2 0 0 3 0 2 0 2 3 0 0 3 2 2 0 0 0 2 0 2 2 2 1 1 1 0 2 2 0 2 0 2 3 0 2 1 0 0 2 0 0 2 3 0 2 0 1 0 2 1 0 1 0 0 1 0 2 2 3 0 2 2 1 2 2 1 0 2 0 2 1 1 0 0 1 0 0 0 0 2 2 2 2 2 0 3 0 3 2 1 2 3 3 3 2 2 2 1 3 1 0 3 2 3 0 0 1 3 1 1 1 1 2 1 3 3 1 3 1 1 1 1 2 1 1 0 1 0 0 1 2 2 0 1 2 3 1 2 0 2 1 0 3 0 1 0 1 0 0 0 2 1 0 0 3 2 0 3 1 0 1 1 1 2 0 2 0 0 1 1 2 1 1 2 0 1 1 2 0 0 1 0 2 0 0 1 0 0 0 0 2 3 2 1 0 3 3 0 0 2 1 0 1 0 1 1 3 0 0 1 0 2 2 2 2 2 0 2 1 2 1 3 1 0 1 0 0 0 1 3 0 1 2 1 1 2 1 3 3 1 2 2 1 0 2 3 3 1 0 0 2 1 1 2 0 3 1 2 1 1 0 3 3 0 3 3 1 0 1 1 1 0 3 2 0 1 1 3 0 3 3 2 3 1 0 0 0 2 1 0 1 0 3 2 3 3 3 0 1 0 0 1 1 3 3 1 0 2 2 0 0 2 1 1 2 0 1 0 1 1 0 2 3 0 3 0 0 3 3 2 1 2 3 0 0 0 2 3 0 0 0 0 0 2 1 1 2 0 0 1 1 1 0 0 2 2 0 3 3 0 0 0 0 3 1 0 3 0 1 1 1 0 3 0 3 1 1 0 0 2 1 1 1 0 3 3 0 0 0 2 0 0 0 3 0 2 0 0 0 0 3 0 0 1 0 0 3 2 3 0 0 1 1 1 3 0 0 1 2 2 2 2 3 1 1 1 2 1 0 1 0 0 0 0 2 1 2 0 2 0 0 0 0 0 3 0 0 1 2 1 3 1 3 1 0 3 1 0 1 0 3 1 2 3 0 0 0 0 1 2 3 3 2 1 2 2 2 0 2 3 1 1 2 0 0 1 0 1 3 3 2 2 0 3 1 0 2 0 2 0 1 0 2 2 1 0 0 0 1 0 1 0 2 3 1 1 1 3 0 3 0 0 3 3 2 2 3 1 1 3 1 0 2 0 0 0 0 1 0 3 3 3 0 1 0 1 2 1 0 2 1 2 0 3 0 0 1 3 0 0 0 0 1 0 0 0 1 1 0 0 2 3 1 1 0 1 3 0 0 2 0 0 2 1 1 0 2 1 0 0 1 1 3 0 1 0 3 0 0 1 0 0 1 1 1 2 1 2 1 0 0 2 3 1 1 0 0 2 2 1 1 0 0 1 2 1 0 1 0 1 0 2 0 0 3 2 2 1 1 3 0 3 0 1 3 0 0 1 0 1 1 1 2 0 0 2 0 0 3 2 2 0 3 2 2 0 2 1 1 3 1 0 1 1 1 1 0 0 2 2 2 2 0 2 0 0 3 2 0 0 1 0 2 0 1 3 1 0 0 2 1 0 1 1 0 0 0 2 0 2 2 1 1 0 0 2 1 3 0 3 3 2 1 0 2 2 1 1 0 0 1 0 1 0 1 1 0 1 2 3 0 3 0 2 1 0 3 0 1 2 0 1 2 0 1 0 0 0 2 2 0 1 2 3 0 1 0 0 0 0 2 3 3 0 2 2 0 2 1 0 2 2 0 1 0 2 1 1 0 0 3 0 0 3 0 0 1 1 0 3 1 0 3 0 0 0 2 0 0 0 1 2 1 3 2 0 0 2 3 2 2 1 0 1 0 1 0 0 0 1 1 2 2 1 1 1 1 2 1 2 0 1 0 2 2 1 1 0 1 0 3 0 2 0 1 0 3 2 0 0 2 0 0 2 1 1 3 1 0 3 1 3 3 0 1 1 0 1 2 2 0 3 1 0 2 1 1 1 3 0 2 3 3 3 0 1 0 2 0 2 0 1 2 0 2 1 1 1 0 1 1 0 2 2 0 1 0 2 0 2 2 1 0 0 2 1 0 1 0 0 1 1 1 0 1 1 0 1 2 3 0 1 0 0 2 1 0 2 0 0 2 0 0 1 1 2 3 1 3 2 0 2 1 1 1 0 2 3 0 0 1 0 0 1 3 1 3 1 0 2 1 3 3 1 0 0 1 2 0 1 2 0 3 2 2 2 0 1 0 1 2 0 2 0 0 2 3 2 0 0 1 2 0 3 0 2 0 0 0 2 0 1 3 1 0 3 0 0 0 3 0 1 3 0 2 0 0 0 1 2 1 1 0 3 3 0 0 1 3 0 1 1 2 0 3 1 3 0 2 1 0 1 1 2 3 2 0 3 0 1 2 0 2 1 0 0 1 2 0 0 0 0 2 1 0 2 1 0 2 3 2 2 2 3 1 1 0 0 3 2 1 0 0 0 0 0 2 1 2 1 2 1 3 0 2 2 0 0 2 1 0 2 2 1 0 1 1 0 0 1 1 3 0 1 0 0 3 0 0 0 1 2 0 1 0 0 1 3 1 1 1 3 1 3 0 0 1 0 3 3 0 1 2 2 0 1 0 3 1 3 2 2 3 1 0 3 1 3 1 2 0 1 0 0 2 3 2 1 0 0 2 1 0 3 0 2 0 0 1 1 3 2 1 0 0 1 0 0 2 0 0 3 3 2 2 0 1 0 0 0 1 0 0 1 0 3 1 1 0 3 1 0 2 3 0 3 3 1 1 0 3 1 3 1 1 2 2 0 0 3 2 1 0 0 1 0 0 1 2 2 2 1 1 3 2 1 0 1 1 1 1 0 2 0 0 3 0 1 1 2 1 3 3 0 0 0 2 2 2 0 0 1 0 1 1 1 2 2 3 0 0 1 1 2 0 1 1 0 0 0 0 0 1 1 1 2 0 0 1 0 2 0 0 1 0 3 0 3 0 2 3 3 0 0 3 3 2 2 2 0 3 0 3 2 0 0 3 1 1 1 0 2 2 1 3 2 2 1 3 0 0 1 1 3 0 0 1 2 2 1 0 0 1 3 2 1 3 3 0 0 3 2 0 0 2 3 1 1 2 1 1 1 0 0 1 0 2 0 2 1 0 3 1 3 0 3 0 2 0 1 0 3 3 0 3 0 0 3 0 2 3 3 0 2 3 0 2 0 0 3 0 0 2 1 3 0 0 0 0 1 0 1 2 3 0 0 0 1 1 0 2 2 1 0 1 2 1 0 0 1 3 2 0 2 2 0 2 3 0 3 2 0 3 0 0 1 0 0 1 0 1 0 1 0 2 3 3 0 0 0 0 1 1 0 0 2 3 0 1 0 0 3 0 0 1 3 0 2 0 0 2 3 2 1 1 1 0 0 3 1 0 2 1 3 3 1 0 0 1 0 0 1 0 2 1 0 0 1 3 1 1 1 0 1 2 2 3 3 1 1 2 1 0 1 2 0 0 0 1 2 0 1 0 0 0 0 1 0 1 1 0 0 2 0 2 0 0 0 3 3 2 3 1 0 1 0 0 2 2 2 2 1 0 2 0 2 0 3 1 0 1 3 0 1 1 3 1 0 2 0 0 3 1 2 1 0 3 3 2 2 3 2 0 0 0 1 0 1 2 0 1 0 0 1 2 0 0 3 1 0 2 1 3 2 0 1 0 0 1 1 0 1 3 1 2 1 0 1 3 2 3 1 1 1 2 1 0 0 2 0 2 0 0 0 3 3 2 3 2 3 0 1 3 2 3 0 0 1 1 2 3 0 3 3 1 1 0 3 3 1 1 1 0 0 1 0 3 2 2 1 3 1 2 1 0 2 2 0 0 0 0 1 0 2 0 0 2 0 0 0 0 1 0 1 1 1 0 0 0 1 0 2 2 0 2 2 2 1 2 0 0 1 0 0 2 2 0 1 0 0 2 3 0 0 1 1 1 0 2 1 0 1 0 0 0 1 0 1 2 0 2 0 0 2 2 2 2 0 3 3 0 2 3 3 0 3 1 0 3 0 3 3 0 2 1 1 3 2 1 0 2 3 1 1 0 0 0 3 1 0 0 0 0 0 0 3 0 1 0 2 3 3 0 1 2 0 1 3 0 0 2 2 0 0 1 1 2 2 0 3 2 1 3 0 1 2 3 1 3 0 0 0 1 2 1 2 2 2 1 2 0 0 0 0 0 2 1 3 1 1 0 1 3 0 0 0 0 1 2 0 1 3 0 0 2 1 3 0 1 2 0 3 1 0 3 1 3 2 2 2 1 1 0 1 1 1 1 0 2 2 1 2 2 0 0 1 0 0 3 1 0 2 2 1 0 1 3 0 0 1 3 1 1 1 0 3 1 2 3 0 1 0 2 0 0 2 2 0 3 2 1 3 0 3 1 0 1 2 0 0 2 1 1 3 2 1 1 0 0 3 0 1 0 0 0 1 0 0 2 0 1 2 0 0 2 2 3 0 2 0 3 0 2 0 1 0 0 0 1 2 1 1 0 0 0 1 1 3 3 2 0 0 2 0 0 0 0 0 0 3 0 1 3 2 3 0 3 1 0 0 0 0 0 0 0 2 0 1 3 1 1 0 1 0 1 1 0 1 2 2 2 3 1 0 0 0 2 2 2 0 1 0 2 0 0 2 0 1 1 1 0 1 0 2 2 1 0 1 2 3 0 1 1 1 2 3 0 1 3 3 3 0 0 0 0 3 3 0 2 1 2 2 1 1 0 2 0 0 1 0 0 0 2 2 0 0 1 1 1 0 0 1 0 0 1 0 1 3 1 0 1 0 3 2 3 1 3 1 0 0 2 3 3 1 2 0 0 0 1 3 0 1 3 1 0 3 0 1 2 1 1 1 0 1 2 0 1 0 0 2 0 1 0 0 0 2 1 0 0 0 2 2 0 0 2 0 3 2 3 3 0 3 3 0 1 1 1 2 2 1 0 0 3 1 3 0 0 0 3 1 0 3 3 0 0 0 1 2 1 1 3 2 3 3 3 0 1 1 0 0 1 2 3 2 0 0 2 0 0 3 2 3 0 0 2 2 1 3 0 2 2 1 0 0 0 0 1 2 2 2 0 1 1 3 0 3 2 1 1 3 1 1 1 1 0 3 0 3 2 2 0 0 2 3 0 3 1 3 3 1 3 1 1 1 2 0 2 2 0 1 1 0 2 1 1 0 2 3 3 1 2 1 1 1 0 2 0 1 3 0 3 0 0 0 2 1 3 3 0 0 0 2 3 1 3 0 2 1 0 0 1 3 0 3 1 0 0 1 2 0 0 1 3 2 0 2 3 1 3 0 3 0 0 1 3 0 0 1 0 0 0 1 0 2 2 0 3 0 2 0 0 1 0 3 3 1 3 0 0 1 0 2 1 2 1 2 1 0 2 3 0 2 2 1 1 1 2 0 0 3 2 1 1 2 0 1 1 2 1 1 0 0 0 2 1 0 1 0 0 1 3 0 1 1 3 1 1 1 2 0 0 0 0 2 2 0 1 3 0 1 0 3 0 1 0 1 1 1 1 2 0 3 1 0 3 0 2 0 2 0 0 1 0 1 0 2 3 0 3 1 2 1 1 3 0 0 3 1 0 0 2 1 0 1 0 1 3 2 0 0 1 1 2 2 1 3 2 3 0 3 2 1 0 0 2 1 1 2 2 0 2 0 0 1 0 1 3 0 0 1 0 3 3 0 0 2 2 1 1 0 0 1 1 1 3 0 2 1 1 0 0 0 0 2 0 3 2 0 1 1 1 0 1 1 2 3 2 3 3 2 2 1 2 2 2 2 0 0 1 1 2 1 2 1 1 0 1 2 0 1 0 1 0 2 2 1 3 0 1 2 0 0 0 1 0 0 1 1 1 0 3 0 1 2 0 1 1 0 1 1 2 0 2 3 1 2 0 0 1 2 0 0 0 3 2 3 0 2 0 1 1 3 1 0 1 2 0 0 1 1 1 2 1 2 0 3 0 3 1 3 2 3 2 0 0 0 3 1 0 0 2 2 2 3 1 1 3 3 1 3 0 0 1 2 1 2 1 3 0 2 2 2 1 3 0 2 1 3 1 0 2 1 0 0 1 0 1 0 2 0 3 0 1 2 1 0 1 1 1 3 0 0 1 2 1 1 0 2 1 2 1 2 0 0 1 3 1 1 1 2 1 0 0 1 3 0 2 1 2 0 0 1 2 0 2 0 2 0 2 1 0 2 3 2 1 0 2 1 0 2 1 1 3 0 0 3 0 1 0 3 0 0 2 0 0 0 0 1 0 1 0 3 2 1 2 0 2 0 2 0 1 2 0 1 1 1 1 0 2 3 1 0 0 0 0 2 2 1 0 0 1 0 0 0 2 2 1 0 2 2 2 1 2 3 3 3 3 0 3 1 3 0 0 2 0 0 1 1 3 3 1 2 0 0 2 2 2 2 0 0 0 3 0 2 1 0 2 0 3 0 0 2 2 1 2 0 1 0 1 1 2 1 3 0 2 1 2 2 1 2 0 0 3 2 1 2 0 0 0 3 1 0 1 1 3 0 2 3 3 1 1 2 1 1 2 2 2 1 2 1 1 1 0 0 0 0 3 0 0 0 0 3 2 1 2 1 3 0 0 0 0 1 1 0 0 0 1 0 2 2 2 0 1 3 0 2 0 0 2 0 1 3 3 0 1 1 1 1 2 1 0 1 0 0 0 0 0 0 0 1 1 2 0 2 0 1 1 1 3 0 0 0 2 0 2 1 2 2 1 1 1 0 0 0 1 1 0 0 3 3 0 2 1 2 0 2 0 2 2 2 0 3 0 3 0 0 3 1 1 2 3 0 0 1 0 0 0 0 2 0 3 1 2 0 1 1 1 1 1 2 0 0 0 0 0 1 0 1 0 1 0 2 1 2 0 0 1 0 3 0 2 2 0 0 1 1 0 3 0 1 0 1 1 0 0 1 1 3 0 0 0 0 2 3 0 1 2 1 0 2 0 1 0 0 2 0 0 1 0 0 3 2 0 0 3 0 0 0 0 0 2 2 0 0 1 3 2 0 0 2 2 1 0 2 2 2 0 3 1 2 0 2 1 1 1 1 0 0 2 0 2 1 1 0 0 2 3 0 2 2 1 2 0 0 2 2 2 0 0 1 1 0 3 0 0 0 0 2 1 0 2 0 1 0 3 0 1 2 0 0 0 0 2 1 2 2 3 0 0 2 3 0 2 0 1 1 1 0 0 3 1 2 2 2 1 0 0 0 1 2 0 3 0 0 3 2 1 0 2 2 3 1 0 0 2 2 3 0 1 1 2 0 2 1 0 3 1 3 3 1 2 3 0 2 0 0 0 3 0 2 0 1 0 1 0 3 0 0 3 1 0 0 2 3 1 1 1 0 0 0 2 2 0 1 0 2 0 2 0 1 2 1 3 0 3 1 1 0 0 3 0 1 0 0 1 1 0 3 0 3 3 1 1 0 1 0 2 1 2 1 2 2 0 1 2 0 1 0 0 2 0 1 1 2 0 1 0 1 0 1 1 2 1 2 0 2 1 0 2 1 1 0 2 0 2 0 0 0 2 1 2 0 3 1 2 0 1 1 1 2 0 0 0 0 2 2 0 1 1 1 1 3 0 3 1 3 3 1 0 0 0 0 1 1 2 2 0 1 0 0 0 2 0 1 0 2 1 2 2 2 1 2 0 1 2 0 2 1 1 2 3 0 2 0 2 1 0 1 0 0 1 0 1 3 3 3 3 0 2 0 0 0 2 3 1 1 1 2 0 1 0 1 1 0 0 1 0 1 0 0 2 3 0 1 1 2 0 0 0 0 2 2 1 0 1 0 0 1 0 0 1 1 3 1 0 0 3 3 1 1 1 2 2 0 1 1 1 0 1 2 0 3 3 3 0 1 3 0 2 0 1 1 0 1 0 0 3 2 0 0 1 1 3 1 0 1 0 3 0 1 0 2 2 1 0 1 1 0 1 1 2 2 2 0 2 2 0 1 0 2 3 2 3 1 0 0 0 0 1 1 1 0 0 0 1 3 1 0 2 2 2 2 2 2 1 2 0 2 2 3 0 1 2 1 3 0 0 0 2 1 0 3 2 1 1 0 1 3 3 1 0 1 2 1 0 0 3 0 3 3 3 2 1 1 2 3 2 3 1 3 0 3 0 0 2 1 2 2 1 3 3 2 0 0 1 2 0 2 0 1 1 1 1 1 0 0 2 1 0 3 0 3 1 0 1 3 2 0 2 0 3 3 0 1 2 3 3 1 0 1 0 1 1 0 3 0 0 3 0 0 2 0 3 0 1 0 2 2 0 2 2 0 0 2 0 0 1 0 0 0 1 1 0 3 3 1 1 1 1 2 1 2 0 1 0 2 0 2 1 0 3 1 1 0 3 1 2 2 2 0 1 0 3 1 0 2 2 0 0 1 0 0 2 0 2 3 0 1 3 2 3 0 0 0 1 1 2 2 1 2 2 1 2 2 1 0 0 1 2 3 1 2 0 1 2 0 1 2 3 2 1 2 0 1 0 1 3 0 0 1 1 3 1 3 0 1 0 0 3 1 0 1 0 3 0 0 0 2 0 1 0 2 2 0 0 1 2 1 1 0 0 2 2 1 3 1 0 0 3 2 0 0 2 3 3 0 0 0 1 1 2 0 3 0 0 0 0 0 3 2 2 0 0 2 1 0 1 2 3 0 1 2 0 1 0 2 0 0 0 3 3 1 3 2 0 3 1 3 1 3 0 0 2 0 0 3 0 0 0 1 3 0 1 0 2 0 2 2 1 2 0 1 3 3 3 2 0 0 2 0 2 2 0 1 1 1 0 3 2 1 0 3 0 2 0 0 1 1 0 0 0 0 0 2 3 1 0 2 1 3 0 1 0 0 1 0 2 2 3 0 2 1 0 2 1 0 0 3 1 0 1 2 2 0 0 2 0 1 0 1 0 1 0 0 0 0 0 0 2 2 0 0 1 1 1 2 1 2 0 0 2 1 3 3 0 1 2 0 2 0 0 0 0 0 1 1 1 3 0 0 1 0 1 1 2 1 2 1 1 2 2 0 1 0 2 0 2 0 1 0 1 2 3 3 0 0 1 0 0 0 2 0 2 0 0 0 1 1 2 3 3 1 1 0 0 0 1 2 0 0 2 1 0 1 0 0 1 3 3 2 0 1 1 0 2 0 1 0 2 0 1 0 2 1 0 2 0 0 1 0 2 1 2 0 2 1 0 3 0 1 3 0 3 1 0 2 2 3 0 0 0 2 1 2 2 0 2 3 1 0 1 0 0 2 1 2 0 0 0 3 2 2 2 2 0 3 1 0 0 1 1 1 3 0 0 1 1 0 0 0 0 1 0 0 0 2 1 1 1 1 2 3 0 0 1 3 3 2 1 2 2 2 1 1 2 1 0 1 1 2 1 1 0 1 0 1 0 0 0 1 0 3 1 0 0 2 0 2 2 1 0 0 0 1 0 2 0 2 3 3 2 0 2 3 0 1 0 0 0 1 1 3 1 2 1 0 0 0 3 0 3 2 0 2 1 3 3 3 0 3 2 0 2 2 3 3 0 0 2 0 2 1 0 2 0 1 2 2 1 0 0 0 3 2 2 2 0 0 1 0 0 2 0 2 2 1 0 2 2 2 0 1 1 0 2 3 2 2 0 1 2 0 0 1 1 0 0 2 2 3 0 1 2 0 1 3 0 1 1 0 1 1 2 0 2 1 0 0 2 1 2 2 0 0 3 3 0 3 0 1 1 3 0 0 0 2 2 3 3 1 1 3 0 2 0 1 1 1 0 0 0 1 0 0 1 0 2 3 3 1 2 1 1 2 0 3 3 2 0 0 2 0 0 1 1 2 0 1 1 1 2 2 1 1 3 0 2 0 0 0 1 3 2 1 1 0 0 2 1 0 0 1 0 2 0 0 1 0 1 0 1 3 0 2 3 0 1 0 2 2 1 3 3 0 2 0 3 0 0 2 0 1 0 0 2 0 1 2 2 0 1 0 1 0 0 2 1 0 2 0 1 1 2 1 1 2 2 0 0 1 2 0 2 2 0 0 2 1 2 2 3 3 1 0 1 0 0 3 3 3 1 1 3 0 0 0 3 0 0 0 0 0 0 1 2 2 0 1 1 3 1 2 1 2 2 0 1 1 2 2 0 0 0 2 0 2 2 2 0 1 2 2 0 2 1 2 0 2 2 1 3 2 1 0 0 1 3 1 1 0 3 0 2 0 0 2 0 2 0 2 0 0 0 2 1 1 0 0 0 0 1 2 2 1 2 1 2 1 2 1 0 0 0 0 1 1 2 2 2 0 3 1 1 1 2 0 1 3 0 0 0 3 0 3 3 2 0 0 1 0 0 1 0 1 2 2 0 0 1 1 2 2 3 0 0 1 2 2 1 1 0 3 0 3 0 0 0 0 0 0 0 0 3 0 2 1 3 0 0 1 0 0 3 3 0 2 0 2 0 2 1 0 0 0 0 0 2 1 1 2 0 0 3 1 0 1 2 2 3 1 1 1 1 0 2 2 0 1 0 1 0 1 0 1 3 0 2 0 0 2 0 0 1 1 3 1 0 0 1 3 0 1 0 1 1 2 1 2 1 2 0 0 1 0 1 2 1 2 2 2 3 3 1 2 0 2 1 0 1 1 1 2 3 2 1 0 0 0 3 1 1 0 1 0 1 3 1 1 0 2 1 3 1 0 3 0 1 1 2 0 0 2 2 1 1 2 1 0 3 0 1 0 3 0 0 1 3 0 2 0 2 0 1 0 3 2 2 3 1 1 2 1 3 3 2 1 0 1 0 0 3 0 3 0 0 2 1 0 0 1 

Column Permutation Assignmnet
0 0 2 3 1 2 2 1 0 2 0 3 0 0 2 0 0 1 0 1 0 0 4 1 0 2 3 0 3 3 0 1 1 2 0 0 3 2 1 1 4 0 1 1 2 2 0 1 1 0 1 1 0 3 3 0 1 2 3 4 4 1 0 0 2 3 2 1 1 0 1 0 2 4 0 1 1 0 0 1 2 0 0 1 0 0 0 0 0 0 1 3 1 1 1 1 2 1 1 4 0 2 4 0 0 0 1 0 0 0 1 3 2 2 1 1 0 0 1 3 0 3 2 1 0 2 1 1 0 1 0 1 1 1 0 2 4 0 1 1 1 0 0 0 1 1 1 0 1 0 1 1 1 1 0 2 0 1 2 0 1 2 1 2 1 3 4 1 2 0 2 3 0 0 2 1 0 0 0 1 0 0 2 2 0 0 0 1 0 3 1 2 1 0 0 4 2 2 2 1 0 0 3 0 1 1 1 3 1 0 0 2 0 0 1 1 4 1 1 0 2 1 1 2 0 0 1 2 1 1 0 1 1 1 1 0 1 4 2 1 1 0 2 0 2 1 3 2 2 3 1 2 1 2 0 0 3 0 2 3 3 2 1 0 4 1 0 1 0 4 0 0 0 0 3 1 2 2 0 0 4 2 4 3 4 1 1 0 3 1 3 4 4 1 1 1 1 0 0 0 1 3 0 2 0 0 1 2 1 2 0 2 2 0 1 3 0 2 2 0 0 0 0 1 0 2 1 1 1 0 1 0 4 1 1 0 1 2 0 0 1 3 2 0 1 1 1 1 0 1 3 0 2 1 1 1 0 2 2 1 0 2 3 1 4 0 0 1 0 1 0 3 0 0 0 2 1 4 2 0 1 2 1 0 0 0 2 2 0 4 0 0 2 4 2 1 0 3 0 0 1 1 1 4 1 0 0 3 3 3 4 0 0 4 0 1 1 1 0 4 4 0 1 4 0 1 1 2 2 2 1 1 0 1 2 2 0 1 4 0 0 3 1 3 0 0 3 0 0 2 4 0 2 2 2 3 1 0 3 4 0 2 1 0 1 1 0 0 0 2 4 2 1 4 1 1 2 4 4 2 0 0 1 0 1 4 0 0 4 1 0 1 0 2 0 0 0 1 3 0 3 2 0 2 1 1 4 3 4 1 0 2 0 0 3 4 2 1 1 2 1 0 2 2 2 0 1 1 1 2 0 3 1 2 4 0 3 0 1 0 3 1 2 1 1 4 0 1 0 1 2 2 4 0 1 2 0 0 3 1 2 4 0 1 4 2 1 0 2 0 3 4 2 0 2 4 2 2 2 1 0 0 0 0 0 2 0 0 0 2 0 4 1 1 2 0 2 2 0 0 0 1 3 1 1 1 2 0 2 0 2 2 3 4 2 0 0 1 0 0 1 2 3 0 1 0 0 1 0 2 3 0 0 0 2 1 1 0 0 2 1 0 4 0 2 2 2 0 2 0 1 4 1 3 1 2 2 0 3 0 1 1 4 3 2 1 1 0 2 1 1 2 3 4 2 3 4 1 0 0 1 1 1 2 0 1 1 0 2 0 2 1 1 1 2 1 4 0 1 1 1 0 0 1 0 0 0 1 2 0 0 4 4 4 1 4 0 0 1 1 0 0 3 1 1 2 2 2 0 0 4 0 4 0 0 3 0 2 1 4 0 1 0 2 4 1 1 0 0 4 0 0 4 2 0 0 2 1 0 2 0 3 0 1 4 4 0 1 1 4 1 0 3 1 2 1 1 3 2 3 0 3 0 1 0 0 0 1 4 3 1 0 3 0 0 3 3 2 0 0 1 4 4 1 0 0 2 1 0 4 4 1 0 1 3 0 1 1 1 1 0 1 0 0 1 1 0 2 3 0 0 2 0 1 1 3 3 2 1 1 0 3 0 1 0 0 3 1 0 1 0 2 1 1 2 1 4 4 0 0 2 0 0 0 0 1 0 1 0 1 4 0 4 2 0 0 0 1 0 0 1 1 1 4 0 1 3 0 4 3 2 0 1 2 1 4 3 4 0 0 1 0 2 3 1 0 1 0 3 0 4 0 0 2 0 1 0 0 1 0 3 3 0 0 3 4 0 0 1 4 2 0 4 0 2 1 1 0 2 0 0 0 1 0 2 2 0 1 1 1 0 1 1 2 0 2 3 0 1 2 1 0 1 1 0 4 1 0 0 1 1 4 1 0 0 0 1 0 4 0 4 1 2 0 0 0 1 0 2 1 3 0 1 1 3 3 1 1 0 2 0 0 3 2 0 2 1 1 2 1 0 4 2 0 0 1 4 3 0 1 3 1 1 2 2 1 0 0 2 0 2 1 1 2 0 2 3 0 0 1 2 1 0 1 1 0 0 1 0 0 2 0 3 2 1 1 0 0 1 2 4 1 0 0 1 2 3 1 0 3 3 3 0 2 0 2 2 2 0 3 0 2 1 1 3 0 0 1 1 0 3 2 1 4 3 2 4 0 2 0 3 2 0 0 0 2 1 2 1 3 0 1 0 1 1 2 0 1 0 1 2 1 1 2 2 1 0 4 3 0 0 0 0 1 0 0 2 0 4 0 2 1 0 2 1 0 0 0 4 1 2 0 0 2 1 0 1 0 4 0 0 1 0 2 0 0 1 0 1 0 2 2 4 0 0 0 0 0 3 2 0 1 1 0 1 0 1 1 0 2 0 0 1 2 0 3 0 2 2 0 4 2 2 3 2 2 2 0 0 0 1 3 2 1 1 2 0 1 1 4 1 0 1 1 2 4 0 0 2 0 3 1 3 1 4 0 1 1 1 0 1 2 0 1 3 3 3 0 1 0 4 0 2 0 0 1 3 3 0 4 0 2 1 3 4 0 0 0 0 0 0 2 1 2 0 0 2 1 4 0 2 4 1 1 0 0 0 1 1 1 0 1 0 0 4 1 0 0 3 1 0 0 0 0 0 2 0 0 1 0 1 4 1 4 0 1 0 0 0 0 4 3 0 0 0 0 1 0 0 0 3 2 0 3 4 1 0 0 1 0 4 0 0 1 0 0 4 1 0 4 2 0 1 0 2 0 2 1 2 1 3 0 1 2 1 3 3 4 0 0 2 1 0 0 2 1 2 1 0 1 1 0 1 1 2 2 4 1 3 2 0 0 1 2 4 2 3 1 0 1 2 0 3 1 1 0 0 2 1 1 1 1 1 1 1 0 1 0 0 0 0 4 3 0 4 1 1 0 1 0 1 1 3 1 0 2 4 3 0 0 2 3 1 2 0 4 1 1 4 1 1 2 0 0 0 1 0 1 1 0 0 1 1 1 1 2 1 1 0 2 0 1 0 1 2 2 2 0 3 1 2 1 1 2 1 1 0 1 3 4 2 2 2 0 2 1 0 2 4 0 3 1 1 4 1 0 0 1 3 0 2 2 0 0 1 3 1 2 0 4 4 4 0 4 0 0 2 3 0 4 1 3 2 2 0 0 2 1 0 1 4 3 1 2 1 0 1 0 1 0 4 0 1 1 1 2 0 1 2 1 2 1 1 3 0 3 0 0 0 2 1 1 2 1 0 0 2 2 0 4 0 0 1 2 3 0 0 2 0 4 1 1 2 1 3 0 0 4 0 1 0 1 3 3 0 4 0 1 0 0 4 1 4 0 1 2 3 0 0 2 4 2 0 3 1 2 3 0 4 2 3 2 1 1 2 4 4 0 2 2 0 3 2 4 2 2 1 0 1 4 2 0 0 1 0 0 0 2 0 3 0 0 1 2 0 1 3 1 0 0 0 4 0 0 0 2 1 1 1 2 0 3 0 1 0 0 2 1 1 1 1 0 1 1 3 4 0 3 2 4 0 0 2 1 0 4 2 1 2 1 0 4 1 1 1 2 3 0 1 0 0 0 0 1 0 4 0 0 2 0 2 0 0 1 0 2 1 1 2 1 0 0 0 1 0 3 0 0 0 0 1 0 4 0 1 2 1 0 0 1 0 1 4 4 1 0 1 2 0 2 4 4 0 4 0 0 1 3 2 1 0 4 1 0 0 1 2 0 0 0 0 3 3 0 1 1 3 4 0 0 1 2 1 0 0 0 4 4 0 1 0 0 0 1 0 2 1 0 0 0 1 4 0 4 2 0 2 1 1 0 3 0 0 2 0 1 1 1 4 0 0 3 0 0 1 0 0 0 0 1 0 0 0 1 1 0 3 1 1 4 1 0 0 1 0 0 0 0 1 1 2 2 2 0 0 1 0 2 1 3 0 0 2 1 1 0 0 1 0 2 4 0 2 2 0 2 0 2 2 0 0 0 0 1 3 4 0 1 1 0 0 1 0 0 0 0 1 0 0 0 1 3 1 4 0 3 1 1 0 1 0 3 0 0 0 1 2 0 0 0 0 1 4 4 1 4 3 3 3 2 3 3 1 0 1 2 2 0 0 0 0 0 4 2 1 2 0 0 4 2 0 1 4 4 2 1 0 0 2 1 2 3 0 2 1 4 2 1 1 1 4 0 2 0 2 0 3 3 4 0 0 2 0 3 3 1 1 2 1 0 3 0 1 2 1 1 1 1 0 0 0 1 1 3 1 0 4 1 0 1 0 1 2 1 0 4 0 0 1 1 2 3 2 3 3 0 0 0 4 0 2 2 0 0 0 0 1 2 0 0 0 1 4 1 4 3 0 0 0 0 0 4 0 1 2 1 3 2 0 0 1 2 4 2 0 3 0 2 0 2 0 0 1 0 0 4 4 2 1 0 3 0 3 1 0 0 2 0 1 2 2 0 0 0 0 4 2 0 1 0 1 3 1 1 0 0 2 3 0 1 1 0 4 0 3 4 0 1 1 2 1 2 1 1 0 2 3 1 1 0 1 2 0 2 0 0 1 1 2 0 0 1 1 1 1 1 0 0 0 0 3 0 0 0 2 2 0 2 1 0 0 4 0 0 1 2 0 2 2 0 0 2 2 0 2 4 0 2 0 1 0 4 0 0 0 4 0 0 3 1 0 4 1 1 4 0 0 1 1 2 3 2 0 0 0 0 1 1 3 1 1 0 0 3 1 1 2 0 0 1 2 0 0 0 1 3 0 0 0 0 1 0 1 1 0 1 2 0 0 2 0 1 1 1 1 2 0 0 0 0 4 0 0 0 3 0 3 0 1 0 0 1 2 3 1 2 3 0 1 1 0 0 2 2 2 2 4 3 3 3 1 2 0 0 3 4 4 1 0 0 2 4 3 0 1 0 2 3 0 1 2 0 0 1 0 1 3 3 1 0 2 0 0 2 2 2 3 0 2 0 4 1 0 1 0 0 2 0 0 0 3 3 1 1 0 0 0 0 2 0 0 4 0 2 0 0 4 1 0 3 1 0 0 1 0 1 2 1 3 3 2 0 2 4 1 3 1 2 2 4 3 0 1 3 1 1 0 0 2 0 3 0 1 1 3 0 0 0 4 3 0 2 1 1 1 0 1 1 0 1 1 1 3 3 1 1 1 0 2 1 2 4 1 1 0 1 0 0 0 0 4 4 2 0 0 1 1 0 1 0 2 0 2 0 3 3 1 1 1 1 0 0 2 1 1 1 3 2 2 0 0 0 0 1 1 0 1 4 1 1 4 2 2 0 0 0 0 1 1 1 0 2 1 0 0 4 2 0 3 1 3 0 1 2 0 0 4 1 0 3 0 0 2 1 0 0 0 0 2 0 0 0 1 0 0 0 3 0 0 4 1 0 0 0 0 2 0 1 4 0 0 0 1 1 0 2 0 2 1 0 0 2 0 0 3 0 2 2 2 0 1 2 4 0 1 1 2 0 1 0 0 4 0 1 0 4 4 0 1 2 4 2 0 1 0 2 0 4 0 1 3 3 0 1 1 1 3 4 0 4 2 1 1 0 3 1 0 4 1 0 0 0 4 2 0 3 1 0 1 0 3 0 2 3 0 1 0 1 2 3 2 1 1 1 4 4 1 0 0 2 3 1 2 0 1 1 0 1 0 4 3 1 2 0 0 0 4 0 0 1 0 2 2 1 2 1 2 1 0 4 1 0 1 0 2 1 0 4 1 0 0 4 4 4 2 1 1 0 1 2 0 3 0 0 4 1 3 0 0 0 4 0 0 0 3 2 0 0 0 2 1 1 1 1 1 2 3 0 0 0 2 3 0 0 1 2 0 4 2 3 3 1 1 0 2 2 2 1 0 0 0 1 0 2 1 0 4 0 1 1 0 1 1 1 4 2 1 4 1 0 2 4 0 3 0 4 2 0 1 1 1 1 1 1 3 4 0 1 3 1 1 1 0 0 0 0 1 2 0 1 1 0 0 0 1 0 0 1 4 2 0 0 0 0 1 4 0 3 2 4 4 1 1 3 2 2 0 4 2 3 0 0 0 0 2 3 1 2 0 0 3 0 1 0 1 0 2 0 1 4 1 3 2 1 1 3 0 0 1 2 1 1 4 4 1 0 3 2 0 1 0 4 2 1 0 0 0 0 1 0 1 2 0 0 1 1 0 0 0 3 0 0 4 2 1 2 3 1 1 1 2 4 0 0 0 3 1 0 0 1 1 1 0 0 0 0 0 2 0 0 0 1 0 0 1 1 2 0 0 1 1 3 1 0 3 0 3 1 1 0 3 0 1 3 0 1 0 2 0 0 0 1 0 2 0 0 2 2 0 2 1 0 0 2 0 3 0 0 0 2 4 2 1 0 4 1 0 0 4 1 1 2 1 0 1 0 0 0 3 4 1 2 0 4 0 0 0 1 2 3 4 0 0 4 0 0 1 0 1 2 1 1 1 2 3 0 2 1 0 3 2 3 0 1 2 2 1 4 4 1 2 0 0 2 0 1 4 0 0 0 1 1 2 1 2 0 0 4 2 1 1 1 0 2 1 0 0 4 2 1 0 2 0 1 0 4 4 3 0 1 2 1 4 0 1 0 1 2 1 1 1 1 1 4 4 2 0 3 1 0 1 2 0 4 0 0 1 0 2 0 4 4 4 0 0 0 0 0 3 1 2 4 0 1 0 0 0 1 1 0 1 1 2 2 0 0 1 1 4 1 1 2 4 0 0 0 2 1 4 2 0 4 2 0 1 1 0 2 0 0 4 0 0 0 1 4 3 3 0 1 0 1 2 2 0 1 0 2 0 2 0 1 0 0 0 3 2 3 1 1 2 2 0 1 2 1 1 1 1 3 0 3 0 0 3 3 3 2 0 0 3 1 2 2 3 1 1 2 0 0 0 3 0 1 4 2 0 0 2 0 1 1 1 2 1 0 0 0 0 3 0 1 0 2 1 1 0 1 1 0 1 0 0 4 0 0 4 0 0 1 0 1 0 1 1 3 0 3 2 0 1 0 0 0 0 0 1 1 1 4 1 0 0 0 0 4 4 1 3 0 0 0 1 0 1 2 0 1 0 0 0 0 0 4 0 1 0 0 4 2 0 1 2 2 1 3 1 1 2 1 2 2 0 1 1 2 2 2 2 1 1 4 2 2 1 0 0 1 0 0 4 1 4 0 0 1 0 0 1 0 0 2 0 0 2 1 1 0 0 1 0 4 3 3 2 0 4 0 4 3 1 0 0 4 2 2 2 2 1 0 1 2 1 2 0 2 2 1 4 4 3 0 0 3 4 1 0 4 4 4 1 2 1 1 2 1 1 2 4 2 0 0 0 0 2 4 1 0 0 3 0 0 4 1 1 1 4 0 1 0 4 0 0 0 0 0 0 1 4 2 0 0 0 2 0 0 0 4 0 1 1 2 0 0 3 1 2 1 0 1 2 2 1 2 0 4 1 0 4 2 2 1 0 0 4 1 3 0 0 3 0 2 1 2 1 2 0 0 2 2 3 1 1 3 0 2 4 0 2 0 0 4 2 0 0 1 4 4 1 1 3 2 0 1 0 4 3 2 0 0 1 0 0 1 1 0 1 1 0 0 0 0 0 2 1 0 1 1 0 2 0 4 0 3 0 3 2 0 1 1 3 2 2 1 0 2 3 1 4 4 2 0 0 1 0 4 3 0 2 1 1 0 3 2 1 0 3 1 0 4 1 3 1 1 1 0 4 1 2 0 2 1 4 2 2 0 0 2 2 2 0 0 2 4 0 1 2 2 0 0 1 4 0 1 1 0 2 2 3 4 1 2 4 0 1 0 1 2 3 0 0 0 0 1 0 3 0 1 0 0 2 3 3 4 0 1 1 1 1 1 3 4 0 1 3 1 1 1 1 0 2 0 1 1 4 3 0 0 4 0 4 0 2 3 1 2 0 1 1 0 0 4 0 3 0 0 0 3 0 2 1 2 0 0 0 1 4 3 4 2 0 2 0 0 3 0 1 0 0 1 0 1 1 2 1 0 0 0 4 0 1 3 4 4 2 1 1 0 3 1 1 0 0 0 3 4 3 2 1 4 1 1 0 1 0 1 0 0 3 1 4 1 1 1 0 1 2 1 2 1 1 2 0 1 4 1 3 2 1 0 0 1 0 1 0 0 0 0 1 4 0 2 0 2 2 1 0 1 1 1 0 0 2 0 0 3 4 1 1 0 1 4 4 2 2 1 0 3 2 1 1 1 1 1 0 0 0 2 0 1 4 4 3 1 1 2 0 0 4 1 3 0 1 0 0 4 1 1 0 1 2 3 4 2 0 3 0 1 1 1 0 0 0 2 1 0 2 3 0 4 3 2 4 0 2 1 1 3 2 1 0 0 2 0 3 1 1 2 1 1 4 2 0 3 3 2 1 3 0 1 4 1 3 0 0 1 4 2 2 1 1 0 1 2 1 0 0 0 0 2 1 2 4 1 0 2 0 0 0 0 1 1 0 1 0 0 4 1 0 1 4 1 4 3 1 2 3 2 0 2 2 1 0 1 2 3 0 0 2 2 1 1 0 0 0 0 3 0 2 3 0 0 1 0 2 4 2 0 2 3 3 2 1 0 1 1 1 1 1 0 0 0 2 0 2 1 0 1 0 3 3 2 3 1 0 0 0 3 4 1 0 2 3 0 3 1 3 1 1 0 2 1 0 4 0 2 1 0 0 2 1 4 2 0 0 2 0 0 1 1 0 1 0 1 1 2 0 1 1 0 0 3 0 2 1 0 4 1 2 4 0 2 3 2 1 0 0 4 2 1 0 0 3 2 0 3 0 0 1 2 2 1 2 0 0 0 3 3 1 3 1 0 3 4 3 3 2 4 2 0 1 0 3 1 1 1 0 0 3 4 1 2 1 0 0 4 2 1 4 1 3 3 2 1 0 2 0 0 2 0 1 2 2 2 2 0 0 4 4 4 3 0 2 0 2 1 0 2 0 2 4 0 3 0 2 0 1 0 2 1 1 0 0 1 2 1 1 0 4 0 2 0 0 1 0 4 0 0 0 1 0 1 0 4 2 0 1 0 0 0 0 0 0 2 3 1 2 0 0 2 1 0 2 0 0 2 1 0 1 3 0 1 2 0 0 2 4 2 2 0 1 0 4 2 0 1 2 3 0 1 2 0 1 0 2 3 0 4 2 3 0 2 3 0 0 2 0 0 2 3 1 0 0 1 0 1 1 0 0 1 1 1 1 3 0 4 1 1 1 0 2 0 1 0 4 0 2 0 3 3 1 0 2 0 0 1 0 1 0 2 2 2 1 4 0 2 2 0 3 1 4 4 2 1 1 0 3 1 2 1 1 0 4 1 3 0 1 3 1 4 0 2 4 2 2 0 4 1 2 0 0 0 2 1 4 4 0 0 1 1 0 2 3 0 0 0 0 1 1 0 1 0 2 3 1 1 0 1 0 1 4 0 0 0 0 1 2 1 0 2 3 0 0 0 0 2 1 1 1 0 2 4 0 1 1 0 1 2 1 0 1 0 0 3 1 1 0 3 1 1 4 2 0 2 0 2 4 0 1 3 1 4 4 2 3 1 1 1 1 0 2 1 1 1 1 1 1 0 0 0 0 0 0 0 0 0 3 1 3 1 0 1 1 0 0 3 0 2 1 0 1 4 0 1 0 1 1 4 1 4 1 4 3 0 4 2 2 1 0 4 1 0 1 4 0 0 1 0 1 0 2 2 0 0 2 0 0 1 0 1 0 2 1 0 0 1 0 4 1 1 0 0 3 0 0 0 3 1 4 0 0 2 0 4 1 2 0 3 3 0 4 2 0 2 1 1 0 1 0 2 3 0 1 1 1 3 2 0 1 1 0 0 1 4 4 3 0 1 0 0 1 0 3 0 3 4 2 0 0 4 2 1 1 0 1 1 2 2 1 1 1 0 0 2 1 2 1 2 1 2 1 0 4 0 1 4 3 0 1 0 4 2 4 1 0 2 1 2 1 2 2 0 1 0 0 4 3 1 2 1 1 0 1 1 0 0 0 0 0 2 2 1 1 0 0 1 2 1 1 1 4 0 2 0 0 0 1 0 3 0 4 1 1 1 0 3 1 0 2 2 1 1 0 0 0 3 1 0 0 1 1 0 0 1 4 0 0 1 1 2 3 1 2 1 0 0 3 1 2 2 0 2 2 4 0 0 1 2 3 3 0 1 0 0 1 1 1 1 0 0 0 0 0 0 0 1 0 1 0 3 1 3 1 3 3 4 3 1 2 0 2 1 0 0 0 0 0 1 0 1 1 4 1 2 0 0 1 0 3 0 4 1 0 4 1 2 0 1 0 3 1 0 1 1 2 0 2 1 0 1 1 4 0 1 2 0 4 2 0 0 0 3 1 1 1 2 0 4 1 0 0 4 0 1 0 0 1 1 1 4 4 3 0 4 2 0 3 3 3 1 0 2 0 2 1 0 0 0 0 1 0 2 1 0 0 0 2 0 1 2 2 0 4 1 3 0 0 0 0 0 1 0 1 0 1 3 0 1 1 0 0 0 0 0 1 0 0 0 1 0 1 1 1 0 0 1 1 0 4 0 1 0 3 1 1 0 4 1 3 4 0 0 0 0 0 0 4 0 2 1 2 4 4 2 1 0 0 1 3 0 0 3 2 0 0 0 0 4 0 1 1 0 0 1 0 1 2 1 2 2 2 2 3 0 3 0 0 0 1 2 2 4 0 0 1 0 1 2 2 3 1 1 2 3 4 1 2 1 0 2 0 0 1 1 0 0 4 3 0 0 1 0 3 1 2 4 2 2 2 3 2 0 3 0 4 0 0 1 0 0 2 1 0 0 2 0 0 0 2 4 0 2 3 0 2 1 0 2 0 1 0 0 0 2 1 0 0 2 1 1 2 4 0 1 1 3 0 0 2 1 1 2 2 4 0 0 2 1 0 4 1 0 2 0 4 1 0 1 2 0 2 0 2 2 0 1 4 0 2 1 1 0 2 0 4 2 1 2 0 4 0 0 1 0 0 0 2 0 2 2 3 1 1 0 4 0 1 1 1 0 1 2 2 0 0 4 4 1 1 2 2 0 1 0 0 1 0 2 1 2 1 2 0 1 1 1 0 0 0 2 4 1 1 0 3 1 2 4 3 1 1 1 4 0 1 1 1 0 0 2 2 2 1 0 3 0 0 0 3 0 1 0 0 0 0 0 0 1 0 1 0 0 0 0 1 1 4 0 0 0 0 2 1 2 3 1 0 0 4 1 1 0 2 0 1 0 0 4 3 3 4 4 2 3 3 1 0 0 3 0 1 1 0 3 1 2 0 0 1 4 4 1 0 0 3 1 2 2 0 2 0 1 0 0 1 4 0 0 2 1 1 4 0 3 0 3 3 0 1 3 1 1 2 2 4 3 4 1 3 1 1 2 1 0 3 0 0 0 0 1 1 3 4 3 1 0 1 0 0 2 3 3 3 0 1 2 0 0 1 0 1 1 0 1 1 3 1 0 2 0 1 1 0 1 3 4 1 1 1 1 1 0 4 2 0 0 0 0 1 3 0 0 4 3 2 1 2 4 1 1 2 1 4 4 2 0 2 2 1 0 0 4 0 3 1 0 3 1 0 2 1 4 2 2 3 1 1 0 0 1 0 3 0 0 1 4 0 0 0 2 2 4 2 0 0 0 0 0 3 0 2 0 4 0 0 0 1 1 4 1 0 0 0 1 1 1 0 1 0 1 1 0 0 1 0 0 0 0 1 0 0 1 1 1 1 0 1 1 1 1 2 0 2 0 0 1 2 0 1 1 3 1 1 0 0 2 1 1 1 0 3 2 0 2 4 0 4 0 1 1 1 0 0 1 1 1 4 1 0 1 1 2 1 2 3 0 1 0 2 0 2 2 0 2 0 4 2 1 2 2 1 0 0 2 0 2 2 1 2 0 1 0 1 1 0 2 1 0 2 4 4 2 0 0 2 2 0 0 1 0 0 1 0 1 0 1 0 1 1 3 0 0 1 1 1 0 3 0 0 4 0 4 2 1 2 2 3 4 1 2 0 0 2 0 2 0 1 0 1 0 3 1 1 1 0 2 3 0 3 2 1 1 1 1 2 3 1 1 1 3 1 0 0 1 0 1 2 0 0 3 2 1 0 2 0 4 1 3 4 4 3 2 1 0 0 0 3 2 3 2 3 2 0 0 0 0 1 1 0 4 1 0 2 3 0 1 2 0 3 0 0 1 0 1 0 1 0 0 0 1 3 4 1 0 2 0 2 1 0 3 0 1 1 1 0 0 0 0 0 1 1 1 2 2 2 3 2 1 0 1 2 0 4 0 2 0 2 1 0 3 0 3 0 1 3 4 2 2 3 1 0 1 0 4 1 4 3 0 0 0 0 0 0 0 0 4 0 1 0 3 0 0 3 0 0 1 2 1 4 0 1 2 0 1 1 1 1 0 1 2 0 4 4 1 2 0 1 0 1 2 4 0 0 0 0 1 0 3 1 1 1 0 1 1 0 1 1 2 0 2 1 0 2 1 3 0 0 0 3 2 1 1 1 2 0 0 0 3 3 1 0 1 2 2 3 0 0 2 0 0 1 0 0 2 0 1 1 0 1 0 0 0 0 1 0 1 4 3 3 0 2 1 1 0 0 4 1 1 2 2 4 1 0 1 1 0 4 2 0 0 3 4 1 1 0 0 0 1 1 2 0 3 0 4 2 2 0 2 0 1 0 3 4 1 0 1 0 0 4 4 2 0 0 1 0 1 0 0 0 0 2 4 0 1 3 1 1 0 1 1 1 3 1 2 2 2 3 0 2 0 1 1 1 2 3 0 0 1 1 4 2 0 1 1 0 0 0 3 0 2 0 0 2 0 0 1 0 3 0 0 0 0 0 0 2 1 3 3 2 0 1 2 0 2 1 0 3 1 3 3 3 1 0 1 0 0 1 2 0 2 2 1 0 0 0 0 0 1 3 3 0 2 2 0 2 3 3 0 1 4 1 2 1 0 2 0 0 0 3 0 1 0 0 0 1 3 1 1 0 0 4 4 4 1 1 1 0 3 2 0 4 1 1 4 2 0 3 3 2 1 1 2 0 1 0 1 1 2 1 0 1 3 0 2 4 2 1 2 0 1 1 2 4 1 2 0 0 2 4 1 0 0 0 3 0 1 2 0 3 0 0 1 1 4 1 0 1 0 0 1 3 1 0 1 2 4 0 0 1 0 1 1 4 1 1 1 1 4 0 0 1 1 0 1 0 0 4 4 1 0 0 0 1 0 2 3 1 0 0 2 0 2 3 0 0 2 2 2 0 2 0 0 3 4 1 1 0 3 0 2 0 2 1 3 2 2 0 0 2 3 3 1 4 2 2 1 2 1 2 1 0 2 0 4 0 1 0 3 1 2 1 0 1 0 3 4 0 0 1 4 0 3 1 1 0 1 3 2 1 1 3 3 4 0 4 1 0 0 2 0 1 1 1 1 1 0 0 1 1 0 0 1 2 0 2 0 0 1 2 1 0 1 0 1 4 0 0 2 0 2 2 0 2 3 0 0 0 0 2 0 0 0 1 4 3 0 4 3 0 4 3 1 2 0 4 2 4 0 1 0 1 0 2 1 0 2 0 0 0 1 4 1 2 2 1 2 2 0 0 1 0 3 2 0 1 0 3 0 4 0 0 0 0 0 0 0 0 0 0 2 1 0 3 4 1 0 3 0 1 1 1 0 0 1 1 0 0 4 4 1 0 0 1 0 0 2 1 3 0 0 2 0 1 1 2 1 4 2 0 0 4 0 2 0 2 0 1 1 4 2 0 0 2 1 2 1 1 1 2 0 1 1 0 0 4 4 1 1 1 0 0 2 0 4 0 2 1 0 0 0 0 1 0 0 0 0 0 2 4 0 1 0 1 0 1 1 0 0 1 3 0 1 1 4 1 0 2 0 0 0 2 0 1 1 1 2 4 1 3 2 0 2 0 2 1 2 2 0 3 4 1 0 2 0 2 1 3 0 1 1 3 3 1 0 0 0 3 4 0 4 3 0 2 0 3 4 0 3 0 2 1 1 0 0 1 0 1 2 0 1 2 4 3 4 0 1 1 1 4 1 2 1 4 1 1 4 1 0 3 1 0 3 0 0 0 0 3 4 0 3 1 0 1 0 0 2 1 3 2 0 2 2 0 0 0 3 1 0 0 3 2 1 0 2 3 1 1 2 0 2 1 2 2 1 1 2 4 0 1 2 0 1 0 4 1 3 0 0 1 0 0 1 1 3 0 2 0 0 0 0 3 0 1 0 4 2 4 1 1 1 0 0 0 0 3 3 3 0 1 1 0 0 0 0 0 0 0 1 0 0 4 2 0 1 2 2 0 1 1 1 2 4 0 0 0 1 3 0 0 0 2 4 1 0 2 0 2 0 1 4 0 4 4 0 3 4 2 1 1 0 1 1 1 0 0 0 4 0 0 0 3 4 3 4 4 0 2 1 2 3 1 1 0 0 1 0 0 2 3 1 1 0 0 0 4 1 2 4 4 4 1 2 0 0 0 1 1 4 0 0 1 0 0 1 3 0 1 4 1 1 1 2 2 0 4 4 0 0 0 3 0 1 2 0 2 4 3 3 3 1 1 2 0 2 0 1 0 2 4 1 2 0 0 1 0 1 0 0 1 0 0 4 1 0 4 0 3 4 3 0 2 1 1 0 2 0 4 0 0 2 0 2 2 4 2 0 1 1 0 1 0 4 1 2 0 0 1 0 0 4 0 1 0 1 1 2 0 1 2 0 2 3 0 0 3 2 1 2 1 1 0 4 4 0 0 0 1 1 1 0 1 3 1 2 0 3 1 4 4 1 3 1 0 4 1 1 0 2 2 0 1 0 0 1 0 1 1 0 0 1 2 3 1 4 3 1 2 0 4 3 3 3 0 1 0 0 0 2 3 0 1 0 1 0 4 0 2 1 0 0 2 0 0 0 1 0 1 0 2 3 2 1 0 0 3 0 2 3 4 1 1 1 2 2 0 0 0 0 2 1 0 2 1 0 0 3 1 3 0 0 0 3 3 1 2 2 2 1 0 0 3 0 0 3 4 1 4 2 1 1 3 2 2 0 2 1 4 1 0 2 0 1 0 2 2 3 2 0 0 1 4 2 0 1 1 1 1 2 3 0 0 2 3 4 0 4 2 2 2 3 2 4 1 4 0 3 4 0 1 3 2 4 0 0 2 1 1 0 1 4 1 1 4 3 1 2 3 1 3 2 3 3 2 1 1 2 3 1 3 1 4 1 4 1 1 0 1 2 0 0 1 0 1 1 1 2 2 1 1 0 4 0 0 1 2 4 3 0 1 1 0 0 0 2 0 0 4 4 1 4 2 0 1 0 3 1 0 1 1 4 0 3 0 0 0 4 4 0 1 0 1 1 0 2 2 1 2 4 0 1 1 0 1 2 3 4 3 1 0 4 1 1 1 0 0 1 1 1 3 4 0 0 2 0 0 4 3 2 1 0 1 4 1 1 0 2 0 0 1 0 0 0 1 0 0 2 1 4 1 0 2 0 0 0 2 2 0 0 0 0 3 1 1 0 1 2 4 0 4 3 0 3 2 1 0 0 3 4 0 4 1 0 2 0 0 2 1 1 1 1 4 0 2 1 4 0 0 4 0 0 0 0 4 3 0 0 0 3 0 0 4 0 1 0 0 4 1 1 1 2 1 2 0 0 4 0 2 2 1 0 0 0 4 0 0 0 0 0 4 4 0 0 2 4 4 4 3 2 0 0 1 0 0 3 2 0 0 0 4 0 0 2 0 2 1 0 3 1 0 1 0 0 3 2 1 0 0 2 0 1 4 3 3 0 0 0 0 0 0 2 0 1 4 3 0 0 0 4 0 0 1 0 2 0 1 0 2 1 2 2 0 1 0 0 3 1 1 0 1 0 1 2 0 1 2 1 0 0 3 1 0 0 0 2 0 1 1 0 0 2 1 0 2 1 1 3 2 0 2 0 1 0 0 1 1 2 1 1 1 4 0 1 3 0 1 3 4 1 2 0 3 0 1 0 0 4 1 3 4 3 4 2 2 2 2 0 0 3 0 0 1 1 2 2 2 0 1 0 0 1 2 2 4 0 3 0 0 4 0 0 2 1 1 1 0 3 0 3 2 2 1 2 1 1 1 2 0 1 0 0 0 3 1 0 0 2 1 1 0 0 2 2 0 1 2 3 0 4 2 0 1 3 0 0 3 3 2 1 3 0 4 4 0 1 1 0 1 0 2 2 1 2 3 1 0 3 0 0 0 0 0 1 0 2 1 4 3 3 0 0 3 2 1 3 1 1 0 1 4 0 2 2 3 1 1 2 0 0 1 1 3 1 2 1 0 1 3 1 0 3 1 1 0 2 1 1 1 2 0 2 0 1 1 1 2 0 0 0 2 2 0 0 0 4 1 2 0 0 3 2 0 0 2 4 0 3 4 0 1 1 0 4 1 2 3 3 1 4 1 2 3 2 2 1 1 0 0 3 1 3 0 1 0 3 1 0 0 0 1 0 1 0 2 1 0 0 3 1 2 4 4 0 1 0 1 0 4 0 1 1 0 0 2 0 2 2 2 1 0 0 4 3 3 3 0 1 0 0 1 3 3 0 2 0 4 2 1 3 1 3 0 0 0 1 0 3 0 4 1 1 0 0 1 0 0 1 0 1 4 2 2 2 1 3 0 0 1 1 0 1 0 2 0 3 1 1 0 1 1 0 0 0 4 0 0 1 2 4 1 4 1 1 2 0 3 4 1 0 1 0 4 0 0 1 0 0 0 0 0 0 0 1 2 0 0 0 1 0 2 0 0 2 3 1 1 1 2 4 0 1 0 0 0 3 2 0 1 0 0 3 2 1 1 0 3 2 0 0 0 0 0 1 3 2 1 3 3 4 1 0 4 1 1 1 1 4 1 2 1 1 2 1 0 2 0 0 3 1 0 2 0 0 4 4 0 0 2 4 4 4 0 0 0 0 1 3 0 0 0 0 1 0 0 4 2 2 0 1 2 1 3 1 2 2 2 0 0 2 0 2 1 0 2 0 0 3 0 1 1 1 1 0 0 2 2 1 4 1 1 4 0 0 0 0 1 0 2 1 0 0 3 2 1 1 0 0 2 4 3 0 2 1 0 2 4 0 1 0 0 1 0 0 3 1 3 3 1 2 0 0 0 1 0 3 4 0 1 1 0 0 0 0 1 0 1 0 0 1 2 1 0 3 0 0 2 0 0 4 2 0 0 1 0 1 0 2 0 0 2 1 4 1 1 0 2 2 1 0 1 1 0 2 2 1 4 2 1 0 3 0 1 1 0 2 0 1 4 2 1 0 0 1 1 0 0 2 3 0 0 0 1 2 2 2 1 4 2 1 0 2 1 2 0 1 0 0 2 2 2 2 0 2 3 0 1 0 1 2 2 2 1 2 0 4 1 3 2 1 0 3 3 4 1 0 0 2 2 0 0 3 4 1 2 1 0 3 3 2 0 2 2 1 0 0 2 0 0 2 1 3 2 1 0 4 3 0 1 2 1 2 3 0 0 3 0 1 1 2 4 0 0 1 0 0 3 3 1 1 1 2 3 1 2 1 4 0 0 3 0 0 3 2 0 4 0 4 2 3 1 2 3 0 0 0 0 3 1 1 3 3 0 1 1 4 0 4 0 3 0 0 4 2 0 2 1 1 0 0 2 2 2 4 1 2 1 1 2 0 0 1 4 4 1 2 1 1 0 0 0 1 0 1 1 0 0 0 1 0 2 0 1 0 4 1 2 0 2 2 0 1 1 2 2 1 1 4 3 0 1 1 4 1 2 1 2 4 0 2 3 1 1 2 4 2 0 1 1 1 1 1 0 1 0 1 3 1 2 1 3 4 0 1 1 2 2 0 4 1 2 1 0 1 0 2 1 4 0 0 1 4 4 0 0 1 2 2 0 4 1 3 2 0 0 1 1 4 1 3 1 1 0 0 0 4 1 3 1 1 2 0 0 3 2 3 0 0 0 0 4 2 4 1 0 1 1 3 0 0 2 1 1 0 1 1 0 0 1 0 1 0 3 1 1 1 0 0 0 0 1 2 1 1 1 0 2 1 3 1 0 1 1 4 0 3 0 3 0 1 0 1 0 0 0 2 2 0 1 1 3 1 0 1 3 0 1 0 0 2 2 1 1 0 1 3 0 4 1 3 0 2 0 0 0 1 0 2 0 1 0 1 0 0 1 1 3 1 3 0 3 0 0 0 3 1 3 2 0 1 0 1 1 2 0 0 1 0 2 0 0 0 0 2 0 0 0 0 3 0 1 0 1 0 0 1 2 0 2 1 3 0 1 0 2 3 4 0 2 0 3 0 2 1 0 1 1 0 4 0 2 4 2 0 0 4 1 3 0 0 4 3 2 0 4 0 2 2 0 3 4 0 1 3 2 3 4 1 3 2 1 1 1 0 0 2 0 0 4 1 2 0 0 0 1 0 4 0 2 0 1 0 2 4 3 1 0 0 1 0 0 1 3 0 0 0 0 0 0 0 0 2 3 1 0 0 1 2 0 0 1 1 0 2 0 1 1 1 3 1 2 1 4 1 3 0 2 0 4 2 0 1 0 0 1 4 1 0 0 1 0 2 0 2 1 0 4 1 0 0 4 0 4 1 2 0 0 0 3 0 0 0 2 0 1 0 0 2 0 3 2 0 0 1 0 0 1 0 2 0 1 1 2 0 1 0 0 2 3 4 1 0 0 3 1 2 1 1 1 1 0 2 1 1 0 1 0 0 0 1 0 2 3 1 0 0 0 0 1 1 0 2 4 3 0 2 3 2 1 2 0 1 4 0 4 3 1 1 1 2 4 1 3 1 0 2 1 4 0 1 1 1 0 1 0 1 1 2 1 1 0 0 2 1 4 2 0 2 1 3 1 4 1 0 4 1 1 3 3 0 3 4 1 0 1 2 4 3 3 2 0 0 0 0 0 2 4 0 1 0 1 0 4 0 2 0 2 0 1 2 2 1 3 4 4 1 1 0 3 2 4 1 1 1 0 0 1 2 1 0 4 0 2 2 4 0 2 2 1 0 1 4 3 4 0 3 0 0 0 2 4 1 0 2 0 0 0 2 2 0 1 1 2 0 4 0 4 0 4 1 2 2 0 1 2 0 2 1 0 0 3 2 0 0 0 3 1 1 0 0 0 0 0 2 2 4 1 1 1 0 4 2 2 4 0 2 2 0 3 2 1 1 0 3 3 0 2 1 0 1 1 0 1 1 3 0 1 1 1 2 2 2 3 1 1 3 2 0 0 0 1 3 1 2 4 1 1 0 0 0 1 3 0 4 0 1 0 0 0 4 0 0 0 4 1 0 2 1 2 0 0 0 0 1 0 2 1 0 0 1 0 2 2 0 1 0 2 0 1 1 1 0 0 1 3 1 0 0 1 0 0 0 0 1 0 0 1 0 2 0 0 0 1 2 0 0 0 1 2 2 2 3 1 2 0 0 1 2 2 1 0 3 3 0 1 0 1 0 4 1 3 0 1 4 1 3 1 3 1 0 2 3 0 0 1 0 3 0 1 0 3 0 1 3 2 1 2 0 2 3 0 4 3 1 0 0 2 1 1 0 0 0 2 1 0 1 2 0 0 3 1 1 0 2 2 0 0 2 2 2 0 3 2 1 0 1 0 0 1 1 1 1 1 0 0 1 0 1 0 2 1 3 2 0 0 0 3 1 0 0 1 1 0 2 1 1 2 3 2 0 2 1 3 4 3 0 2 1 3 1 1 3 2 1 0 0 0 3 1 3 2 0 1 0 2 4 2 1 1 0 3 0 0 0 0 2 1 3 1 0 0 0 2 1 2 0 1 0 0 0 0 4 0 0 1 1 1 3 3 2 1 0 0 1 1 2 1 4 1 2 0 1 2 2 0 0 0 0 2 3 1 1 0 2 1 0 1 1 2 0 0 0 1 4 1 3 0 1 0 0 0 2 0 0 1 4 1 2 0 1 2 0 3 4 1 0 4 0 2 1 0 1 0 0 1 0 2 2 0 1 1 0 1 1 4 3 0 4 0 3 4 0 0 1 3 0 4 1 0 0 4 0 0 1 0 0 2 3 0 2 0 4 1 2 4 2 2 0 0 3 0 1 0 2 0 0 0 3 0 0 2 1 3 0 4 2 1 0 0 1 0 0 0 1 1 0 1 0 0 1 2 2 0 4 1 2 2 0 0 1 2 1 4 0 1 3 0 2 2 2 0 4 0 4 2 0 0 4 1 0 1 1 1 4 0 2 0 2 1 0 0 3 0 1 0 0 0 0 1 1 1 2 1 0 0 0 2 1 0 1 0 0 1 4 1 1 2 3 0 1 0 0 1 0 1 0 0 4 4 0 0 0 0 4 4 2 3 0 1 4 1 0 2 3 1 4 1 4 0 4 0 0 1 1 2 0 0 0 2 0 0 4 0 3 1 1 1 0 2 2 0 0 1 1 2 2 4 0 1 0 0 1 0 0 2 2 0 1 1 0 4 1 4 0 1 0 1 1 2 3 0 0 2 3 2 2 1 1 2 1 1 1 0 2 0 0 1 4 1 1 4 0 0 1 1 0 0 0 0 1 1 2 3 2 0 0 0 2 0 3 1 0 2 1 1 2 0 0 0 1 0 1 2 3 1 0 0 1 3 3 1 0 3 1 3 3 1 0 2 3 3 3 1 4 3 0 1 4 4 2 0 1 0 4 3 1 0 0 4 1 2 2 1 2 1 0 0 1 0 2 0 4 1 1 1 1 0 4 0 1 1 1 0 1 3 4 0 0 0 0 3 0 2 3 2 0 1 0 2 2 1 0 2 0 0 1 0 1 4 0 3 0 2 1 0 2 1 1 2 0 0 0 2 1 0 0 3 2 1 1 0 1 0 0 3 0 2 0 0 2 0 2 4 1 0 4 2 2 0 2 1 1 4 0 2 2 0 0 2 0 0 1 3 1 2 0 4 1 0 1 3 0 1 0 1 3 2 4 1 0 0 0 0 1 0 0 0 0 2 2 4 2 0 1 2 2 3 0 0 2 3 2 1 0 0 1 2 0 3 2 2 4 1 4 4 4 3 1 3 0 1 0 0 1 0 1 0 1 2 2 4 0 2 3 3 4 1 0 0 0 3 0 3 1 1 2 1 3 1 0 1 2 0 0 1 2 1 0 3 0 4 4 3 1 1 0 0 3 1 4 0 3 0 1 1 0 3 2 0 3 1 0 0 1 1 0 1 2 2 0 4 0 1 3 4 0 3 2 1 4 1 0 4 0 1 0 3 1 1 0 0 0 4 3 0 1 2 1 1 2 3 0 0 0 3 0 4 0 3 1 0 0 0 1 0 0 0 0 0 0 0 1 1 0 0 0 4 0 1 3 2 2 0 0 4 0 0 3 1 1 0 1 0 1 2 2 1 2 0 3 3 0 0 0 1 2 1 1 1 1 2 1 0 0 2 0 0 1 3 0 2 1 0 0 0 1 0 1 0 0 4 2 0 2 4 4 0 3 3 0 1 0 0 2 0 2 0 1 0 2 1 0 3 2 1 0 1 1 2 2 1 0 1 4 1 0 2 1 0 0 0 3 1 4 2 0 1 1 3 2 0 3 0 0 0 3 0 2 0 0 1 1 0 0 0 1 2 1 0 2 1 4 0 0 1 0 1 3 2 1 0 4 1 4 4 0 1 0 1 0 1 4 2 3 3 1 0 0 0 0 0 2 1 4 0 2 4 1 1 1 2 0 0 2 1 3 1 4 0 2 1 2 0 3 0 4 1 0 0 0 2 2 1 1 0 0 0 0 0 2 1 0 0 3 0 1 4 2 4 0 1 3 0 1 3 3 0 0 0 1 1 1 1 0 2 0 2 1 2 0 2 0 0 1 2 0 1 0 0 0 0 4 1 0 4 3 2 4 2 4 0 4 2 4 1 1 1 1 3 0 0 0 0 0 0 1 1 1 0 4 1 4 0 1 1 0 0 1 1 1 1 3 2 2 4 4 0 2 3 2 0 1 3 0 1 2 3 0 0 1 1 0 4 1 1 1 1 0 1 1 0 2 0 0 0 4 1 3 2 2 1 0 1 0 2 3 1 1 4 0 4 0 1 1 3 1 0 2 2 4 3 2 0 4 4 2 2 3 4 0 2 0 4 3 0 3 2 0 3 3 0 1 2 4 3 0 3 3 1 0 2 0 0 0 1 0 1 0 1 0 3 2 
